551445	4	[3058, 7170, 3829, 6037]
203610	9	[5024, 6630, 5710, 4719, 3058, 2037, 3829, 3961, 7038]
784286	4	[6448, 3058, 3829, 606]
207551	2	[6448, 3058]
3368	7	[7170, 7116, 3660, 5710, 6448, 3058, 3829]
23118	17	[5024, 7170, 6630, 606, 7116, 3660, 5710, 4719, 6448, 3058, 7038, 6037, 2037, 3829, 3961, 2782, 7455]
357690	4	[3961, 3058, 3829, 5710]
740856	1	[3058]
97142	1	[3058]
138392	6	[7116, 5710, 3058, 6037, 2037, 606]
102850	1	[3058]
899840	1	[3058]
189703	13	[5024, 7170, 6630, 606, 7116, 5710, 4719, 3058, 6037, 2037, 3829, 3961, 2782]
796782	17	[5024, 7170, 6630, 606, 7116, 3660, 5710, 4719, 6448, 3058, 7038, 6037, 2037, 3829, 3961, 2782, 7455]
955735	5	[7170, 3660, 4719, 3058, 3829]
606268	1	[3058]
385996	3	[3058, 3829, 606]
504497	6	[7116, 6448, 3058, 2037, 6037, 3961]
862835	1	[3058]
979090	1	[3058]
284549	3	[3058, 2782, 7455]
601471	9	[7170, 606, 3660, 4719, 3058, 3829, 3961, 2782, 7455]
53192	1	[3058]
181425	1	[3058]
78464	6	[7116, 3058, 3829, 6037, 7038, 7455]
645585	1	[3058]
312130	1	[3058]
254659	1	[3058]
673937	2	[3058, 3660]
277281	1	[3058]
535744	1	[3058]
126390	5	[5710, 4719, 3058, 3961, 2782]
404154	6	[7170, 6630, 3058, 3829, 2782, 7455]
71551	1	[3058]
642164	4	[3058, 7116, 6630, 2782]
880641	7	[7116, 3660, 3058, 2037, 3829, 6037, 606]
102764	4	[3058, 7170, 3660, 4719]
447583	6	[7170, 7116, 3058, 3829, 3961, 2782]
564491	4	[3058, 7170, 3829, 6630]
567202	1	[3058]
885513	1	[3058]
276143	10	[6630, 7116, 6448, 3058, 6037, 2037, 3829, 3961, 606, 7455]
764190	1	[3058]
722833	1	[3058]
56552	1	[3058]
872569	1	[3058]
399328	1	[3058]
536974	3	[6448, 3058, 606]
745879	3	[3058, 7170, 7038]
417274	10	[6630, 606, 7116, 3660, 6448, 3058, 6037, 2037, 3829, 2782]
452518	3	[3058, 3660, 3829]
308956	2	[3058, 6037]
612694	17	[5024, 7170, 6630, 606, 7116, 3660, 5710, 4719, 6448, 3058, 7038, 6037, 2037, 3829, 3961, 2782, 7455]
161739	3	[6448, 3058, 2782]
613427	17	[5024, 7170, 6630, 606, 7116, 3660, 5710, 4719, 6448, 3058, 7038, 6037, 2037, 3829, 3961, 2782, 7455]
485128	2	[3058, 2782]
73573	12	[7170, 6630, 7116, 3660, 5710, 4719, 2782, 3058, 6037, 2037, 3829, 606]
806203	3	[3058, 7116, 3829]
482553	3	[3058, 3660, 7455]
869764	1	[3058]
322015	17	[5024, 7170, 6630, 606, 7116, 3660, 5710, 4719, 6448, 3058, 7038, 6037, 2037, 3829, 3961, 2782, 7455]
448298	11	[7170, 3660, 2782, 5710, 6448, 3058, 2037, 3829, 3961, 606, 7455]
452693	17	[5024, 7170, 6630, 606, 7116, 3660, 5710, 4719, 6448, 3058, 7038, 6037, 2037, 3829, 3961, 2782, 7455]
408243	10	[6630, 7116, 6448, 3058, 6037, 2037, 3829, 3961, 606, 7455]
736853	1	[3058]
336075	1	[3058]
353449	6	[7116, 6448, 3058, 2037, 6037, 3961]
983968	1	[3058]
975519	2	[3058, 7170]
348728	17	[5024, 7170, 6630, 606, 7116, 3660, 5710, 4719, 6448, 3058, 7038, 6037, 2037, 3829, 3961, 2782, 7455]
458693	1	[3058]
392070	3	[3058, 7170, 3660]
736392	1	[3058]
901689	17	[5024, 7170, 6630, 606, 7116, 3660, 5710, 4719, 6448, 3058, 7038, 6037, 2037, 3829, 3961, 2782, 7455]
526359	4	[6448, 3058, 3829, 6037]
693207	10	[7170, 6630, 3660, 5710, 6448, 3058, 6037, 3829, 7038, 7455]
923427	15	[7170, 6630, 606, 7116, 3660, 5710, 4719, 6448, 3058, 6037, 2037, 3829, 3961, 2782, 7455]
712433	2	[3058, 6630]
845977	1	[3058]
7925	1	[3058]
14673	1	[3058]
956470	3	[3058, 3660, 3829]
131801	1	[3058]
818597	1	[3058]
982711	1	[3058]
679913	2	[3058, 3660]
731775	5	[6630, 5710, 3058, 2037, 3961]
99032	1	[3058]
79942	2	[3058, 3660]
182585	10	[7170, 6630, 7116, 3660, 6448, 3058, 3829, 6037, 606, 7455]
663776	1	[3058]
998163	10	[6630, 7116, 6448, 3058, 6037, 3829, 2037, 3961, 606, 7455]
814051	3	[3058, 3660, 2782]
763946	3	[6448, 3058, 7116]
764345	1	[3058]
329269	2	[3058, 2782]
421926	1	[3058]
873228	2	[3058, 6037]
926522	2	[3058, 2037]
606167	4	[6448, 3058, 7170, 7116]
120493	7	[6630, 3660, 5710, 3058, 6037, 3829, 2782]
630779	1	[3058]
872707	1	[3058]
934679	3	[3058, 3660, 7455]
420303	5	[7170, 5710, 3058, 3829, 606]
227535	5	[7116, 3660, 3058, 3829, 606]
614509	5	[7170, 3660, 4719, 3058, 3829]
528567	3	[6448, 3058, 7038]
976230	1	[3058]
869289	13	[7170, 6630, 7116, 3660, 5710, 6448, 3058, 6037, 2037, 3829, 3961, 606, 7455]
433543	6	[7170, 3660, 5710, 3058, 3829, 6037]
339830	1	[3058]
438462	6	[7116, 3058, 3829, 2037, 6037, 3961]
945155	2	[3058, 3660]
887282	7	[7170, 7116, 3660, 3058, 3829, 6037, 2782]
408037	2	[3058, 2782]
371502	4	[3058, 3660, 6037, 2782]
452439	10	[6630, 7116, 3660, 5710, 2782, 3058, 6037, 2037, 3961, 606]
863090	1	[3058]
853370	1	[3058]
926789	1	[3058]
428884	7	[7116, 3660, 5710, 6448, 3058, 6037, 2782]
584154	3	[3058, 3660, 6037]
719600	1	[3058]
765931	4	[3058, 7170, 3660, 4719]
406140	1	[3058]
753217	4	[5024, 3058, 3660, 3829]
282448	2	[3058, 2782]
176976	1	[3058]
715922	1	[3058]
848845	3	[606, 3058, 5710]
349385	1	[3058]
218121	3	[3058, 7170, 3660]
893668	17	[5024, 7170, 6630, 606, 7116, 3660, 5710, 4719, 6448, 3058, 7038, 6037, 2037, 3829, 3961, 2782, 7455]
146935	17	[5024, 7170, 6630, 606, 7116, 3660, 5710, 4719, 6448, 3058, 7038, 6037, 2037, 3829, 3961, 2782, 7455]
622723	3	[3058, 7116, 6037]
597386	6	[6630, 3660, 3058, 3829, 6037, 606]
560491	4	[3058, 7170, 5710, 7455]
876137	6	[3660, 5710, 3058, 3829, 2037, 7038]
811361	6	[3660, 5710, 6448, 3058, 6037, 3829]
189695	4	[3961, 3058, 7116, 6037]
150485	1	[3058]
307453	2	[3058, 7455]
167640	11	[7170, 606, 7116, 5710, 4719, 6448, 3058, 2037, 6037, 3961, 2782]
855927	1	[3058]
697755	1	[3058]
292997	2	[6448, 3058]
695657	1	[3058]
564142	1	[3058]
552835	1	[3058]
393304	1	[3058]
502767	3	[3058, 3660, 3829]
52213	1	[3058]
523842	1	[3058]
972798	1	[3058]
95188	1	[3058]
693400	4	[6448, 3058, 3660, 2782]
351943	5	[7170, 3660, 5710, 3058, 3829]
436308	17	[5024, 7170, 6630, 606, 7116, 3660, 5710, 4719, 6448, 3058, 7038, 6037, 2037, 3829, 3961, 2782, 7455]
130457	1	[3058]
479108	5	[7170, 3660, 3058, 2037, 2782]
675352	12	[7170, 7116, 3660, 5710, 2782, 6448, 3058, 7038, 3829, 6037, 3961, 606]
289927	9	[7170, 6630, 3660, 6448, 3058, 3829, 6037, 2037, 7038]
224329	4	[3058, 3660, 3829, 7455]
914526	12	[6630, 7116, 3660, 5710, 2782, 6448, 3058, 6037, 2037, 3829, 3961, 606]
526460	1	[3058]
939184	1	[3058]
887816	3	[3961, 3058, 7455]
839477	3	[6448, 3058, 2782]
327993	3	[3058, 6630, 2782]
567737	8	[7116, 3660, 6448, 3058, 2037, 3829, 6037, 2782]
658443	2	[3058, 3829]
409376	1	[3058]
99202	1	[3058]
115958	7	[7170, 6630, 3058, 3829, 6037, 3961, 7455]
459654	1	[3058]
742688	1	[3058]
935644	1	[3058]
475239	1	[3058]
545853	5	[6630, 3058, 3829, 6037, 2037]
897940	1	[3058]
304691	1	[3058]
407480	1	[3058]
916452	1	[3058]
548318	1	[3058]
699900	6	[5024, 4719, 3058, 7038, 3829, 606]
585822	1	[3058]
368076	1	[3058]
995693	1	[3058]
784079	17	[5024, 7170, 6630, 606, 7116, 3660, 5710, 4719, 6448, 3058, 7038, 6037, 2037, 3829, 3961, 2782, 7455]
760236	1	[3058]
435576	5	[6630, 3058, 3829, 2782, 7455]
953745	1	[3058]
412940	1	[3058]
842905	4	[3961, 3058, 7170, 3660]
84707	1	[3058]
681612	6	[3660, 3058, 2037, 3829, 6037, 7038]
22685	1	[3058]
515393	4	[6448, 3058, 2037, 6630]
380494	3	[3058, 3829, 5710]
562824	3	[3058, 3660, 3829]
78318	6	[5710, 3058, 3829, 2037, 3961, 606]
644239	2	[3058, 7038]
971107	2	[3961, 3058]
854054	6	[7170, 6630, 3058, 3829, 3961, 7455]
481841	4	[3961, 3058, 7116, 6037]
525273	3	[3961, 3058, 3660]
619424	3	[3058, 3660, 3829]
754251	1	[3058]
682228	17	[5024, 7170, 6630, 606, 7116, 3660, 5710, 4719, 6448, 3058, 7038, 6037, 2037, 3829, 3961, 2782, 7455]
368607	1	[3058]
155743	3	[3058, 3660, 6037]
67403	3	[3058, 3829, 2782]
500878	6	[7170, 3660, 6448, 3058, 3829, 2782]
161223	1	[3058]
417049	7	[7170, 3660, 5710, 3058, 2037, 3829, 3961]
985066	9	[6630, 7116, 5710, 3058, 6037, 2037, 3829, 3961, 606]
974425	13	[7170, 6630, 606, 7116, 3660, 5710, 6448, 3058, 7038, 6037, 2037, 2782, 7455]
258558	6	[6630, 7116, 3058, 2037, 6037, 7455]
954943	6	[3660, 5710, 3058, 7038, 3829, 2782]
112329	3	[3058, 3660, 7455]
644040	5	[7116, 3058, 3829, 2037, 3961]
595554	6	[7170, 6448, 3058, 2037, 3829, 2782]
947458	6	[7170, 5710, 3058, 3829, 2037, 3961]
770534	8	[7116, 5710, 6448, 3058, 6037, 2037, 3961, 606]
743207	3	[3058, 7116, 3829]
430251	4	[3058, 7116, 2037, 6037]
783024	1	[3058]
635445	17	[5024, 7170, 6630, 606, 7116, 3660, 5710, 4719, 6448, 3058, 7038, 6037, 2037, 3829, 3961, 2782, 7455]
7893	1	[3058]
745698	4	[3961, 3058, 7170, 3829]
462156	1	[3058]
126009	17	[5024, 7170, 6630, 606, 7116, 3660, 5710, 4719, 6448, 3058, 7038, 6037, 2037, 3829, 3961, 2782, 7455]
794265	6	[6630, 7116, 6448, 3058, 2037, 606]
375722	1	[3058]
105866	1	[3058]
118349	11	[7170, 606, 7116, 3660, 5710, 6448, 3058, 3829, 6037, 2037, 2782]
694733	5	[5024, 4719, 6448, 7038, 7455]
398364	1	[3058]
107805	2	[3058, 3829]
32588	4	[3961, 3058, 2782, 7038]
296167	4	[6448, 3058, 3829, 7455]
832557	4	[3058, 7170, 3660, 3829]
243565	1	[3058]
632325	12	[7170, 6630, 7116, 2782, 5710, 4719, 6448, 3058, 6037, 2037, 3961, 606]
832746	11	[606, 7116, 5710, 4719, 6448, 3058, 7038, 6037, 2037, 3829, 2782]
721112	2	[3058, 7038]
995350	4	[6448, 3058, 3829, 4719]
765541	4	[3058, 7170, 3660, 3829]
184945	17	[5024, 7170, 6630, 606, 7116, 3660, 5710, 4719, 6448, 3058, 7038, 6037, 2037, 3829, 3961, 2782, 7455]
424348	4	[3058, 7116, 2037, 6037]
733032	1	[3058]
153030	9	[6630, 3660, 5710, 6448, 3058, 6037, 2037, 3829, 7455]
267294	2	[3058, 6630]
861288	2	[3058, 3660]
432648	1	[3058]
875942	2	[3058, 7170]
164193	5	[6630, 3660, 3058, 2782, 7455]
417376	1	[3058]
655236	1	[3058]
799918	4	[3829, 3058, 2037, 6037]
909131	2	[3058, 7116]
445726	8	[6630, 7116, 5710, 3058, 2037, 3829, 606, 7455]
805460	12	[7170, 6630, 3660, 2782, 5710, 4719, 6448, 3058, 6037, 3829, 606, 7455]
552293	1	[3058]
417462	2	[3058, 6037]
121162	4	[3058, 3660, 6037, 6630]
828534	17	[5024, 7170, 6630, 606, 7116, 3660, 5710, 4719, 6448, 3058, 7038, 6037, 2037, 3829, 3961, 2782, 7455]
649886	1	[3058]
790472	5	[6630, 3660, 3058, 6037, 3829]
596377	2	[3058, 7116]
125051	17	[5024, 7170, 6630, 606, 7116, 3660, 5710, 4719, 6448, 3058, 7038, 6037, 2037, 3829, 3961, 2782, 7455]
943160	1	[3058]
672405	3	[3058, 7116, 2782]
917152	2	[6448, 3058]
54178	11	[7170, 6630, 606, 7116, 3660, 6448, 3058, 6037, 3829, 2037, 2782]
596110	1	[3058]
983639	8	[6630, 7116, 5710, 3058, 6037, 2037, 3961, 606]
199236	2	[3058, 3660]
852963	2	[3058, 7170]
914769	1	[3058]
199827	1	[3058]
671660	17	[5024, 7170, 6630, 606, 7116, 3660, 5710, 4719, 6448, 3058, 7038, 6037, 2037, 3829, 3961, 2782, 7455]
996402	2	[6448, 3058]
726863	11	[6630, 7116, 2782, 5710, 6448, 3058, 6037, 2037, 3961, 606, 7455]
360482	1	[3058]
834988	17	[5024, 7170, 6630, 606, 7116, 3660, 5710, 4719, 6448, 3058, 7038, 6037, 2037, 3829, 3961, 2782, 7455]
920593	5	[7170, 3660, 3058, 6037, 2782]
171294	1	[3058]
554456	4	[3058, 7170, 3660, 2782]
165714	7	[6630, 5710, 6448, 3058, 6037, 3829, 3961]
224776	5	[6630, 5710, 3058, 2037, 3961]
302349	2	[3058, 3829]
822600	8	[6630, 7116, 5710, 3058, 6037, 2037, 3829, 2782]
173831	1	[3058]
345476	1	[3058]
13401	1	[3058]
364871	1	[3058]
442687	1	[3058]
491807	1	[3058]
847989	17	[5024, 7170, 6630, 606, 7116, 3660, 5710, 4719, 6448, 3058, 7038, 6037, 2037, 3829, 3961, 2782, 7455]
248663	1	[3058]
375706	5	[7170, 3660, 4719, 3058, 6037]
489484	10	[7170, 6630, 606, 7116, 3660, 5710, 6448, 3058, 3829, 2782]
276563	2	[3058, 606]
115242	12	[7170, 6630, 606, 5710, 4719, 6448, 3058, 6037, 3829, 3961, 2782, 7455]
112232	1	[3058]
586140	4	[6448, 3058, 3660, 2782]
431132	1	[3058]
927974	3	[3829, 5710, 7455]
62502	1	[5710]
780289	1	[5710]
537731	2	[3660, 5710]
481260	2	[6037, 5710]
193063	1	[5710]
986407	4	[6448, 3961, 6630, 5710]
704934	5	[7116, 5710, 3829, 606, 7455]
171194	4	[5710, 7116, 606, 3961]
299773	1	[5710]
741655	4	[7038, 3660, 3829, 5710]
657629	1	[5710]
217784	1	[5710]
571906	5	[6630, 7116, 5710, 6448, 7455]
907767	2	[6448, 5710]
314998	1	[5710]
335395	3	[3829, 2037, 5710]
492605	1	[5710]
90495	1	[5710]
892725	1	[5710]
411460	1	[5710]
939381	1	[5710]
955985	1	[5710]
416465	3	[6037, 2037, 5710]
954563	3	[5710, 3829, 6037]
425624	4	[6448, 2037, 3829, 5710]
704622	1	[5710]
740820	1	[5710]
907863	4	[7116, 6037, 5710, 7455]
737385	1	[5710]
632494	7	[7170, 7116, 3660, 5710, 6448, 3829, 6037]
332737	2	[5710, 7455]
526075	1	[5710]
827647	6	[6630, 606, 5710, 3961, 2782, 7455]
959835	8	[6630, 5710, 6448, 3829, 2037, 3961, 606, 7455]
865212	9	[6630, 7116, 5710, 6448, 6037, 2037, 3961, 606, 7455]
618743	2	[3660, 5710]
621250	6	[7170, 3660, 5710, 4719, 6448, 3961]
165409	1	[5710]
553912	5	[7170, 3660, 5710, 3829, 2782]
188437	5	[7170, 5710, 6448, 3829, 2782]
12071	9	[6630, 5710, 6448, 6037, 3829, 2037, 3961, 606, 7455]
997768	1	[5710]
521801	5	[6630, 3660, 6448, 3829, 2037]
905775	3	[3660, 6037, 5710]
102989	2	[6448, 5710]
478958	10	[7170, 6630, 7116, 3660, 5710, 6448, 6037, 3829, 3961, 7038]
271870	1	[5710]
463600	2	[7116, 5710]
867939	6	[7170, 6630, 7116, 5710, 6448, 3961]
420220	1	[5710]
244216	5	[7116, 5710, 6037, 3829, 7038]
722586	2	[7116, 5710]
510293	2	[5710, 7455]
485430	1	[5710]
669322	4	[6448, 3829, 2037, 5710]
709625	2	[3829, 5710]
501422	8	[6630, 7116, 5710, 6448, 6037, 3829, 2037, 606]
862608	1	[5710]
145605	1	[5710]
271238	7	[7170, 7116, 3660, 5710, 2037, 6037, 7038]
789349	3	[3660, 5710, 7455]
465579	1	[5710]
314702	3	[5710, 606, 3961]
779543	1	[5710]
313016	8	[7116, 3660, 5710, 4719, 6448, 3829, 6037, 7455]
916200	4	[6630, 7170, 3829, 5710]
904288	1	[5710]
758997	4	[6448, 2037, 3829, 5710]
119367	1	[5710]
101471	1	[5710]
718855	1	[5710]
978255	6	[7116, 3660, 5710, 6448, 3829, 7038]
33849	1	[5710]
74986	1	[5710]
562417	1	[5710]
925953	6	[7116, 3660, 5710, 6037, 2037, 3829]
179525	4	[5710, 3660, 3829, 6037]
725250	4	[6448, 5710, 2037, 6037]
939944	1	[5710]
346827	1	[5710]
886466	2	[3829, 5710]
751271	2	[3660, 5710]
363915	1	[5710]
102658	4	[6630, 2782, 5710, 7455]
634927	2	[6630, 5710]
376574	1	[5710]
779746	1	[5710]
389950	1	[5710]
410439	1	[5710]
630957	1	[5710]
693298	2	[6630, 5710]
663099	2	[6448, 5710]
853565	3	[6448, 7116, 5710]
231976	8	[6630, 5710, 6448, 6037, 3829, 3961, 606, 7455]
216490	5	[6630, 7116, 5710, 3829, 606]
210900	1	[5710]
900737	1	[5710]
757590	1	[5710]
457206	2	[3660, 5710]
147346	1	[5710]
749169	8	[6630, 7116, 3660, 5710, 6037, 3829, 2037, 3961]
879109	3	[7038, 3660, 5710]
693237	2	[606, 5710]
978245	3	[7038, 3660, 5710]
437176	1	[5710]
266568	4	[606, 6630, 5710, 3961]
986006	3	[5710, 3660, 6630]
982606	1	[5710]
738468	4	[6037, 3660, 3829, 5710]
129425	1	[5710]
751885	11	[7170, 6630, 606, 7116, 3660, 5710, 4719, 6448, 3829, 3961, 2782]
610209	14	[7170, 6630, 7116, 3660, 5710, 2782, 6448, 7038, 6037, 3829, 2037, 3961, 606, 7455]
270366	4	[5710, 3660, 3829, 6037]
106341	8	[7170, 6630, 7116, 5710, 6448, 6037, 3961, 606]
795591	4	[6448, 5710, 6630, 7455]
369631	1	[5710]
546938	1	[5710]
114384	11	[7170, 6630, 7116, 3660, 5710, 6448, 6037, 3829, 3961, 606, 7455]
240703	1	[5710]
492398	4	[5710, 6037, 2782, 7455]
96822	1	[5710]
875407	2	[6630, 5710]
428687	3	[606, 3829, 5710]
423602	1	[5710]
637834	2	[3660, 5710]
312320	1	[5710]
865661	2	[5710, 4719]
61989	1	[5710]
15461	1	[5710]
883780	3	[5710, 606, 3961]
825551	1	[5710]
744909	1	[5710]
671725	1	[5710]
338850	1	[5710]
797024	1	[5710]
67146	6	[7170, 606, 5710, 2037, 3829, 7038]
983045	1	[5710]
41290	3	[6037, 5710, 4719]
183913	7	[7170, 6630, 5710, 6448, 3829, 3961, 606]
177039	4	[7116, 6037, 5710, 4719]
687724	1	[5710]
542082	1	[5710]
133863	1	[5710]
380959	1	[5710]
61433	1	[5710]
915137	1	[5710]
205992	1	[5710]
782738	1	[5710]
324985	5	[7116, 5710, 4719, 3829, 606]
828466	4	[7038, 6630, 5710, 7455]
225982	1	[5710]
323469	1	[5710]
962773	1	[5710]
817194	1	[5710]
250982	1	[5710]
195002	4	[6448, 7170, 6630, 5710]
155390	1	[5710]
699386	1	[5710]
2500	10	[7170, 6630, 7116, 3660, 5710, 6448, 6037, 3829, 2037, 7455]
102985	1	[5710]
467839	7	[7170, 6630, 3660, 5710, 6448, 6037, 7455]
622233	1	[5710]
682883	1	[5710]
604566	2	[3829, 5710]
110376	1	[5710]
814028	1	[5710]
286395	1	[5710]
696927	2	[5710, 7455]
614272	4	[3660, 3829, 5710, 4719]
590505	1	[5710]
288456	1	[5710]
345785	1	[5710]
995834	1	[5710]
267825	1	[5710]
581085	2	[6630, 5710]
175192	1	[5710]
761886	8	[6630, 606, 3660, 2782, 5710, 6448, 6037, 7038]
937604	1	[5710]
658377	1	[5710]
320107	1	[5710]
299933	2	[6448, 5710]
892207	1	[5710]
726700	1	[5710]
496803	11	[7170, 6630, 7116, 5710, 4719, 6448, 6037, 3829, 2037, 7038, 7455]
499311	4	[6448, 7170, 3829, 5710]
736935	3	[5710, 6630, 606]
609127	2	[7116, 5710]
727459	5	[3660, 5710, 6448, 3829, 2782]
49019	3	[6630, 6037, 5710]
863410	7	[7170, 6630, 5710, 6448, 6037, 2037, 3829]
438208	2	[3829, 5710]
151221	1	[5710]
84621	2	[5710, 7455]
138056	1	[5710]
381524	1	[5710]
694533	7	[7170, 606, 3660, 5710, 6037, 3829, 7038]
700780	6	[7170, 5710, 6448, 3829, 3961, 7038]
621764	1	[5710]
332332	1	[5710]
391527	2	[3660, 5710]
34504	8	[3660, 5710, 6448, 2037, 6037, 3961, 2782, 7455]
913734	2	[7116, 5710]
83464	2	[3660, 5710]
374912	6	[6630, 7116, 5710, 6448, 6037, 3829]
848347	1	[5710]
433231	2	[6037, 5710]
614173	7	[6630, 3660, 5710, 6448, 3829, 3961, 7455]
237873	1	[5710]
705596	1	[5710]
340956	4	[6448, 7038, 3829, 5710]
253232	2	[6630, 5710]
19705	1	[5710]
220734	6	[3660, 5710, 6448, 3829, 6037, 7455]
597526	1	[5710]
319763	4	[2037, 3660, 3829, 5710]
842925	1	[5710]
460274	1	[5710]
703878	1	[5710]
929215	1	[5710]
859544	1	[5710]
676112	5	[7116, 3660, 5710, 6037, 3829]
940843	3	[3961, 3660, 5710]
63369	1	[5710]
605214	1	[5710]
369278	1	[5710]
371532	8	[7170, 3660, 5710, 4719, 6448, 3829, 606, 7455]
954717	1	[5710]
399674	5	[5710, 4719, 6037, 3829, 7455]
959925	3	[7170, 3829, 5710]
768292	1	[5710]
169266	6	[6630, 3660, 5710, 6448, 3829, 3961]
449978	1	[5710]
240732	1	[5710]
858023	6	[7170, 3660, 5710, 6448, 6037, 3829]
375642	3	[5710, 2782, 6630]
268316	8	[7170, 6630, 606, 7116, 3660, 5710, 6448, 7038]
920811	1	[5710]
257158	1	[5710]
473088	3	[7116, 3829, 5710]
862758	1	[5710]
599372	1	[5710]
271421	1	[5710]
631229	1	[5710]
654217	1	[5710]
900676	4	[6448, 7170, 2782, 5710]
638212	1	[5710]
845358	4	[6037, 3829, 5710, 7455]
130350	1	[5710]
422568	3	[6448, 5710, 7455]
394299	2	[5710, 7455]
845405	1	[5710]
920117	3	[7038, 7170, 5710]
625264	1	[5710]
227869	6	[7116, 5710, 6448, 3829, 6037, 3961]
364375	3	[3660, 6037, 5710]
836028	4	[6448, 6630, 3829, 5710]
454151	3	[606, 2782, 5710]
109065	2	[6448, 5710]
725251	2	[6448, 5710]
759619	1	[5710]
929661	1	[5710]
540720	2	[3829, 5710]
244325	1	[5710]
958378	4	[5710, 7116, 6037, 606]
457088	1	[5710]
537074	1	[5710]
150215	4	[606, 7116, 6037, 5710]
132144	1	[5710]
780473	1	[5710]
78520	6	[7170, 6630, 5710, 6448, 6037, 7455]
601797	1	[5710]
316926	1	[5710]
432688	6	[7170, 5710, 6448, 3961, 606, 7455]
983848	1	[5710]
947320	2	[6037, 5710]
112065	2	[3829, 5710]
889355	1	[5710]
591376	6	[6630, 5710, 3829, 6037, 2037, 3961]
878221	3	[6448, 7170, 5710]
59925	10	[7170, 6630, 606, 7116, 3660, 5710, 6037, 3829, 2782, 7455]
685947	8	[7170, 6630, 7116, 3660, 5710, 3829, 606, 7455]
964104	1	[5710]
338317	1	[5710]
613147	1	[5710]
364321	2	[7116, 5710]
48451	1	[5710]
302578	6	[3660, 5710, 3829, 2037, 3961, 7038]
151036	1	[5710]
130955	1	[5710]
302421	7	[3660, 5710, 4719, 6448, 3829, 3961, 2782]
271184	4	[5710, 7116, 6630, 606]
382678	11	[7170, 6630, 7116, 3660, 5710, 2782, 6448, 6037, 3829, 3961, 606]
400466	1	[5710]
909537	1	[5710]
260259	7	[6630, 7116, 3660, 5710, 6448, 6037, 3829]
130604	1	[5710]
17239	9	[7170, 6630, 7116, 3660, 5710, 6448, 6037, 2782, 7455]
844168	1	[5710]
60001	1	[5710]
554172	1	[5710]
710193	5	[3660, 5710, 6448, 6037, 3829]
393667	1	[5710]
938718	6	[7116, 3660, 6448, 2037, 3829, 7455]
16748	2	[3660, 2037]
903037	3	[6448, 7116, 2037]
310480	1	[2037]
266631	1	[2037]
387856	4	[6448, 3829, 2037, 3961]
513334	5	[3660, 4719, 2037, 3829, 3961]
709828	1	[2037]
916184	1	[2037]
134229	1	[2037]
368311	1	[2037]
342565	3	[3660, 2037, 7455]
291214	1	[2037]
866324	3	[6448, 7116, 2037]
25698	1	[2037]
162771	1	[2037]
623141	1	[2037]
767087	1	[2037]
2065	1	[2037]
931299	1	[2037]
581628	1	[2037]
334892	2	[3660, 2037]
563902	2	[2037, 6037]
327789	4	[6448, 7170, 2037, 606]
552469	4	[4719, 3829, 2037, 7455]
561245	1	[2037]
590054	3	[3829, 2037, 3961]
27182	3	[7116, 2037, 6630]
317976	2	[2037, 2782]
928247	1	[2037]
782035	1	[2037]
702831	4	[2037, 6630, 3829, 6037]
646242	1	[2037]
762788	3	[3660, 2037, 7455]
22288	3	[6448, 2037, 7455]
598690	1	[2037]
301519	1	[2037]
383539	1	[2037]
521132	4	[7116, 2037, 6037, 7455]
151644	1	[2037]
406728	7	[7116, 3660, 6448, 3829, 2037, 6037, 606]
761964	2	[6448, 2037]
707761	2	[2037, 606]
72564	1	[2037]
949304	1	[2037]
835013	1	[2037]
905187	1	[2037]
307941	7	[7170, 606, 7116, 4719, 2037, 2782, 7455]
956791	1	[2037]
803598	2	[6448, 2037]
507273	1	[2037]
987884	2	[3660, 2037]
351625	3	[3829, 2037, 2782]
521410	1	[2037]
702657	1	[2037]
197000	1	[2037]
644791	1	[2037]
318551	1	[2037]
419088	2	[2037, 606]
861561	2	[3829, 2037]
328440	5	[7116, 3660, 2037, 6037, 2782]
521333	2	[2037, 7455]
147453	1	[2037]
906650	8	[7170, 7116, 6448, 2037, 3829, 6037, 3961, 7455]
709817	3	[3660, 2037, 7038]
172931	2	[6448, 2037]
206307	1	[2037]
558658	2	[3660, 2037]
416052	3	[3961, 7116, 2037]
962205	5	[3660, 2037, 3829, 6037, 2782]
271640	1	[2037]
836816	2	[2037, 2782]
849020	2	[3660, 2037]
226308	4	[3829, 3660, 2037, 6630]
931025	4	[2037, 7116, 3829, 6037]
974480	7	[6630, 7116, 3660, 6448, 2037, 2782, 7455]
457702	3	[3829, 7116, 2037]
565787	1	[2037]
408214	1	[2037]
27894	3	[2037, 7170, 3829]
991388	2	[3660, 2037]
564714	1	[2037]
42732	4	[6037, 2037, 2782, 3660]
581929	2	[2037, 4719]
992783	1	[2037]
125293	1	[2037]
299491	1	[2037]
862588	1	[2037]
302201	1	[2037]
856693	2	[3829, 2037]
916724	1	[2037]
106674	1	[2037]
508109	4	[2037, 7116, 3829, 6037]
526826	2	[7116, 2037]
856932	2	[3829, 2037]
439200	4	[3829, 2037, 6037, 606]
268138	1	[2037]
96422	1	[2037]
962464	1	[2037]
720554	1	[2037]
273639	5	[7116, 6448, 2037, 3829, 6037]
567787	1	[2037]
604973	1	[2037]
480196	1	[2037]
57357	2	[3829, 2037]
15791	3	[3961, 2037, 4719]
885368	10	[5024, 606, 3660, 6448, 3829, 2037, 6037, 3961, 2782, 7455]
499245	2	[3961, 2037]
185587	3	[7170, 7116, 2037]
766702	1	[2037]
745217	4	[2037, 3829, 2782, 3961]
194338	1	[2037]
679581	2	[6448, 2037]
107855	1	[2037]
323854	1	[2037]
143131	3	[6448, 3660, 2037]
589624	1	[2037]
813710	1	[2037]
107835	3	[3829, 2037, 6037]
178093	3	[6448, 2037, 7455]
797826	1	[2037]
601991	6	[6630, 7116, 3660, 6037, 2037, 7455]
696825	1	[2037]
169635	2	[3829, 2037]
830978	1	[2037]
450938	1	[2037]
625763	1	[2037]
890574	3	[3829, 2037, 6037]
219878	1	[2037]
99845	1	[2037]
66073	1	[6037]
493067	7	[6630, 7116, 3660, 6448, 3829, 6037, 7455]
125752	1	[6037]
961597	1	[6037]
250402	1	[6037]
153448	2	[3829, 6037]
381637	3	[7116, 6037, 3660]
336194	1	[6037]
506855	1	[6037]
737792	1	[6037]
748097	1	[6037]
317751	1	[6037]
66965	3	[6037, 606, 7455]
458016	4	[3660, 6037, 6630, 4719]
707674	2	[3829, 6037]
191149	1	[6037]
661914	1	[6037]
580177	3	[7116, 3829, 6037]
151148	9	[6630, 7116, 3660, 2782, 4719, 6037, 3829, 3961, 7038]
811899	1	[6037]
763412	2	[7170, 6037]
474294	1	[6037]
771673	3	[3660, 6037, 2782]
145061	3	[7170, 7116, 6037]
51356	4	[2782, 3829, 6037, 3660]
474994	3	[3660, 6037, 7455]
655167	1	[6037]
117483	8	[7170, 6630, 3660, 6448, 3829, 6037, 606, 7455]
641368	1	[6037]
942087	1	[6037]
364136	2	[6448, 6037]
879434	2	[6448, 6037]
842447	1	[6037]
147143	1	[6037]
463518	1	[6037]
211101	1	[6037]
384234	1	[6037]
790691	1	[6037]
872239	2	[7170, 6037]
144925	3	[6448, 3829, 6037]
717905	6	[7170, 7116, 3829, 6037, 2782, 7455]
465971	7	[606, 7116, 3660, 6448, 3829, 6037, 2782]
38434	3	[7170, 6037, 7038]
379987	2	[3829, 6037]
334393	2	[7116, 6037]
516045	1	[6037]
100456	1	[6037]
621666	1	[6037]
549827	6	[7116, 3660, 6448, 6037, 606, 7455]
170174	1	[6037]
664440	6	[7170, 3660, 6448, 3829, 6037, 7455]
387783	3	[7170, 6037, 7038]
603242	3	[3660, 6037, 6630]
512398	1	[6037]
701017	4	[6448, 3961, 3829, 6037]
375486	1	[6037]
662500	2	[3829, 6037]
114026	2	[7116, 6037]
785974	2	[6037, 7455]
34323	1	[6037]
142306	8	[7116, 3660, 4719, 6448, 3829, 6037, 3961, 2782]
322324	3	[7170, 6037, 7455]
430850	2	[6037, 6630]
602324	1	[6037]
330175	1	[6037]
726748	3	[6448, 7116, 6037]
168167	1	[6037]
436910	1	[6037]
304000	1	[6037]
106460	1	[6037]
451051	2	[3829, 6037]
185626	3	[7116, 6037, 606]
76588	3	[7170, 3660, 6037]
478678	1	[6037]
191803	1	[6037]
266463	3	[7170, 3660, 6037]
230121	2	[7116, 6037]
892504	1	[6037]
206255	3	[3660, 6037, 6630]
562385	2	[6037, 606]
779553	1	[6037]
814141	2	[6037, 2782]
589729	5	[6630, 7116, 6448, 6037, 2782]
627719	2	[6448, 6037]
877691	2	[3829, 6037]
834475	3	[7170, 6037, 7038]
1017	3	[7170, 6037, 7038]
196748	3	[3829, 6037, 6630]
282838	1	[6037]
617428	3	[6448, 3829, 6037]
850901	3	[7170, 3829, 6037]
536170	1	[6037]
58764	4	[7116, 3829, 6037, 3660]
35614	2	[3660, 6037]
42924	2	[7116, 6037]
105365	2	[3829, 6037]
978072	1	[6037]
602533	1	[6037]
102573	2	[7116, 6037]
723475	1	[6037]
429318	1	[6037]
788199	2	[7116, 6037]
237031	1	[6037]
587252	1	[6037]
992626	1	[6037]
636066	1	[6037]
279188	3	[6037, 606, 7455]
552106	2	[7170, 6037]
538535	1	[6037]
907645	4	[6630, 3660, 3829, 6037]
893157	2	[3660, 6037]
224273	3	[6448, 3660, 6037]
970309	1	[6037]
69875	8	[6630, 3660, 4719, 6448, 3829, 6037, 3961, 2782]
759664	2	[6037, 2782]
318098	5	[7170, 3660, 6448, 6037, 7455]
633427	1	[6037]
966977	4	[6448, 3660, 6037, 7455]
350043	1	[6037]
165337	4	[7116, 6037, 606, 3660]
677957	1	[6037]
195223	3	[3660, 3829, 6037]
853949	2	[6037, 606]
772793	2	[6037, 606]
691795	2	[6037, 606]
35546	2	[6037, 606]
92726	2	[7170, 6037]
853363	1	[6037]
938227	2	[3660, 6037]
513952	3	[2782, 6037, 6630]
644788	3	[6448, 6037, 6630]
169182	2	[3660, 6037]
623692	2	[6037, 6630]
146207	1	[6037]
611162	1	[6037]
703316	2	[6448, 6037]
648743	3	[606, 6037, 6630]
845943	2	[3660, 6037]
977894	2	[3829, 6037]
173408	1	[6037]
68995	2	[3660, 6037]
642583	1	[6037]
307188	1	[6037]
846560	2	[3660, 6037]
751279	1	[6037]
465850	1	[6037]
163915	5	[7170, 7116, 6448, 6037, 606]
734633	2	[7170, 6037]
451729	2	[6037, 6630]
36553	1	[6037]
530125	1	[6037]
218678	1	[6037]
502832	1	[6037]
440223	1	[6037]
338960	5	[7116, 2782, 6448, 6037, 606]
935711	3	[3660, 6037, 7455]
909708	1	[6037]
381591	2	[6037, 2782]
98539	1	[6037]
120050	1	[6037]
12464	2	[7170, 6037]
240838	2	[6037, 6630]
849167	6	[6630, 3660, 6448, 3829, 6037, 2782]
70405	1	[6037]
465758	1	[6037]
844767	2	[3660, 6037]
346969	1	[6037]
889068	1	[6037]
622346	1	[6037]
475377	5	[7116, 3660, 6448, 6037, 2782]
417086	2	[3660, 6037]
327208	1	[6037]
887714	2	[6037, 606]
175987	1	[6037]
387699	1	[6037]
267286	7	[6630, 606, 6448, 6037, 3829, 2782, 7455]
248534	4	[6448, 3961, 6037, 7455]
150266	1	[6037]
571345	1	[6037]
878320	1	[6037]
947272	5	[7170, 3660, 6448, 6037, 606]
190854	5	[6630, 7116, 3660, 3829, 6037]
564209	2	[6037, 606]
647026	4	[7170, 6037, 606, 7455]
272967	2	[3829, 6037]
638480	2	[7170, 6037]
902550	2	[3660, 6037]
737420	4	[5024, 3660, 3829, 6037]
976603	3	[7170, 3829, 6037]
384353	1	[6037]
826933	4	[6448, 3660, 3829, 6037]
185948	5	[7116, 3660, 6037, 3829, 2782]
593270	2	[7170, 6037]
41591	1	[6037]
31958	4	[6448, 3660, 6037, 6630]
826769	4	[6448, 606, 6037, 6630]
898546	1	[6037]
883675	1	[6037]
289263	1	[6037]
76992	2	[3829, 6037]
199228	1	[6037]
397098	1	[6037]
64643	3	[7170, 7116, 6037]
782267	2	[6037, 6630]
9948	1	[6037]
523758	2	[3829, 6037]
305537	1	[6037]
232931	1	[6037]
993558	1	[6037]
535635	4	[3961, 7116, 6037, 606]
46753	1	[6037]
69106	3	[6448, 3660, 6037]
295447	1	[6037]
220509	3	[3829, 6037, 2782]
593990	1	[6037]
541082	1	[6037]
106122	1	[6037]
642686	4	[6037, 3829, 2782, 3660]
772304	2	[3829, 6037]
225433	1	[6037]
177496	1	[6037]
685203	1	[6037]
243559	5	[3660, 3829, 6037, 606, 7455]
303957	2	[6448, 6037]
33774	1	[6037]
211737	2	[3961, 6037]
91698	1	[6037]
204526	3	[6448, 3660, 6037]
171861	1	[6037]
687998	1	[6037]
858798	2	[3660, 6037]
86961	3	[6448, 3660, 6037]
229527	1	[6037]
671549	1	[6037]
938753	1	[6037]
160758	1	[6037]
144909	4	[7170, 3660, 6037, 2782]
19648	1	[6037]
13989	1	[6037]
264466	3	[6448, 3660, 6037]
555929	1	[6037]
400230	3	[6448, 3829, 6037]
466046	1	[6037]
291972	4	[6448, 7116, 6037, 3660]
704674	2	[3829, 6037]
576373	4	[3660, 3829, 6037, 7455]
381489	2	[3829, 6037]
23795	1	[6037]
969285	3	[3660, 3829, 6037]
116035	3	[3829, 6037, 2782]
860221	4	[606, 6037, 3829, 2782]
718839	2	[3660, 6037]
983311	4	[7170, 6037, 606, 7455]
278585	2	[7116, 6037]
670633	4	[606, 7116, 3829, 6037]
989962	3	[7038, 3829, 6037]
841057	1	[6037]
251262	2	[3829, 6037]
525104	3	[3829, 6037, 2782]
89223	4	[6448, 7170, 3829, 6037]
971934	1	[6037]
697414	1	[6037]
468643	1	[6037]
55478	3	[3660, 6037, 2782]
992754	2	[3961, 6037]
582634	3	[3660, 3829, 6037]
572913	2	[3660, 6037]
650086	2	[7170, 6037]
520550	3	[6448, 3829, 6037]
710337	1	[6037]
19861	5	[7170, 6630, 3660, 6037, 7038]
728281	1	[6037]
77389	1	[6037]
949341	1	[6037]
214443	2	[6037, 7455]
497106	2	[3660, 6037]
22750	1	[6037]
668659	1	[6037]
124061	1	[6037]
653552	1	[6037]
999771	1	[6037]
91203	1	[6037]
320603	3	[6448, 6037, 6630]
368273	1	[6037]
900078	5	[6630, 4719, 3829, 6037, 3961]
658285	6	[6630, 3660, 6448, 3829, 6037, 2782]
88643	1	[6037]
166128	1	[6037]
399884	1	[6037]
182135	1	[6037]
744775	1	[6037]
795832	1	[6037]
852716	1	[6037]
804080	4	[3961, 7116, 6037, 2782]
437271	1	[6037]
480856	1	[6037]
509414	1	[6037]
974013	1	[6037]
63845	1	[6037]
835917	2	[6037, 606]
192027	1	[6037]
297677	1	[6037]
240729	1	[6037]
460317	2	[6037, 606]
741130	4	[6630, 6037, 2782, 7455]
300831	1	[6037]
471829	1	[6037]
96147	5	[3660, 6448, 7038, 6037, 606]
446253	2	[6037, 2782]
624702	3	[3660, 6037, 2782]
20620	2	[6037, 6630]
687167	3	[6448, 7116, 6037]
394286	6	[7170, 6630, 7116, 3660, 6448, 6037]
191020	1	[6037]
900424	1	[6037]
190463	1	[6037]
664939	2	[6037, 4719]
938878	1	[6037]
359186	2	[3660, 6037]
452575	2	[6037, 6630]
380535	6	[6630, 7116, 3660, 6448, 6037, 3829]
452135	2	[6448, 6037]
562843	1	[6037]
414659	1	[6037]
307660	2	[3829, 6037]
909856	1	[6037]
934339	1	[6037]
2855	1	[6037]
402730	1	[6037]
786267	3	[7116, 6037, 3660]
876111	2	[6448, 6037]
960608	2	[3660, 6037]
28017	1	[6037]
702947	2	[3660, 6037]
125142	4	[7170, 3660, 3829, 6037]
420498	2	[6037, 2782]
6052	1	[6037]
952724	1	[6037]
400304	2	[6037, 6630]
157168	3	[6448, 3829, 6037]
23531	2	[3660, 6037]
158843	1	[6037]
851119	1	[6037]
624795	1	[6037]
341106	1	[6037]
249235	1	[6037]
33995	1	[6037]
785273	1	[6037]
804294	1	[6037]
400139	1	[6037]
466658	1	[6037]
190025	2	[6037, 2782]
242126	4	[7116, 6037, 2782, 3660]
59043	2	[6037, 2782]
980131	2	[3829, 6037]
173970	1	[6037]
637722	1	[6037]
269041	1	[6037]
606114	1	[6037]
581544	2	[6037, 6630]
874727	1	[6037]
719086	1	[6037]
703390	1	[6037]
394070	1	[6037]
654035	1	[6037]
492360	1	[6037]
743681	3	[3660, 3829, 6037]
988914	3	[7170, 6037, 7038]
441474	1	[6037]
144496	1	[6037]
810492	2	[3660, 6037]
708314	1	[6037]
985567	1	[6037]
390172	2	[7116, 6037]
586740	4	[7116, 6037, 6630, 3660]
381772	3	[3660, 6037, 6630]
406311	1	[6037]
12881	1	[6037]
934860	3	[2782, 6037, 6630]
297237	1	[6037]
74140	2	[3961, 6037]
621577	2	[3829, 6037]
753536	3	[7170, 6037, 6630]
39077	1	[6037]
584380	1	[6037]
247003	1	[6037]
126867	1	[6630]
972832	1	[6630]
519755	3	[606, 6630, 7455]
781043	2	[6448, 6630]
521321	2	[7038, 6630]
561153	1	[6630]
688208	1	[6630]
792875	1	[6630]
228411	1	[6630]
72378	2	[606, 6630]
529057	1	[6630]
906663	1	[6630]
993358	1	[6630]
946356	1	[6630]
392823	1	[6630]
567506	3	[3660, 3829, 6630]
477598	3	[606, 3660, 6630]
846768	2	[2782, 6630]
17706	1	[6630]
586785	2	[3660, 6630]
876189	1	[6630]
115992	2	[6448, 6630]
647074	1	[6630]
926330	1	[6630]
496627	1	[6630]
846349	4	[3961, 7116, 6630, 3660]
725754	2	[606, 6630]
600199	4	[6448, 3961, 3660, 6630]
138657	5	[6630, 3660, 6448, 3829, 7455]
625428	1	[6630]
54448	1	[6630]
417228	1	[6630]
444395	2	[2782, 6630]
802775	1	[6630]
811012	1	[6630]
582210	4	[6448, 3660, 3829, 6630]
597380	1	[6630]
735985	1	[6630]
65660	1	[6630]
529568	1	[6630]
227744	3	[7116, 3829, 6630]
577992	6	[6630, 606, 7116, 6448, 3829, 2782]
352446	1	[6630]
555075	2	[3961, 6630]
152337	1	[6630]
225937	1	[6630]
513917	1	[6630]
37643	1	[6630]
257998	1	[6630]
431790	1	[6630]
658766	1	[6630]
591024	1	[6630]
887767	1	[6630]
665501	2	[3829, 6630]
552851	1	[6630]
603347	1	[6630]
948348	1	[6630]
329738	4	[7170, 7116, 6630, 3660]
496027	1	[6630]
945327	1	[6630]
194140	2	[6630, 7455]
924344	1	[6630]
529012	1	[6630]
132805	1	[6630]
365052	1	[6630]
488252	1	[6630]
977831	1	[6630]
988889	3	[3660, 6630, 4719]
290803	1	[6630]
49676	1	[6630]
855507	3	[3829, 6630, 7455]
822003	3	[3660, 6630, 2782]
659199	1	[6630]
767474	1	[6630]
983392	1	[6630]
826867	3	[3961, 3660, 6630]
426503	3	[7116, 3829, 6630]
462072	1	[6630]
896099	1	[6630]
724452	2	[7116, 6630]
300973	1	[6630]
972938	1	[6630]
286584	1	[6630]
918315	1	[6630]
917402	3	[6448, 7116, 6630]
140708	1	[6630]
381643	3	[606, 7116, 6630]
886213	3	[606, 7170, 6630]
689447	1	[6630]
416849	4	[7170, 3660, 6630, 7455]
580963	1	[6630]
554542	3	[3829, 6630, 2782]
137651	2	[7116, 6630]
567978	1	[6630]
711681	1	[6630]
509375	8	[6630, 7116, 3660, 6448, 3829, 3961, 606, 7455]
278461	1	[6630]
586544	1	[6630]
457117	1	[6630]
659331	1	[6630]
227384	1	[6630]
30558	1	[6630]
38542	2	[3660, 6630]
156695	1	[6630]
289680	1	[6630]
72897	5	[6630, 7116, 3660, 6448, 3961]
336828	1	[6630]
303077	1	[6630]
247798	1	[6630]
985048	1	[6630]
62209	1	[6630]
468019	1	[6630]
725946	1	[6630]
388948	2	[2782, 6630]
190329	1	[6630]
720746	2	[2782, 6630]
461481	3	[6448, 6630, 2782]
770125	4	[3660, 2782, 6630, 7455]
70535	2	[3660, 6630]
719936	1	[6630]
8897	1	[6630]
148351	2	[7038, 6630]
837041	1	[6630]
229728	1	[6630]
226940	1	[6630]
966544	1	[6630]
899644	1	[6630]
796416	5	[7170, 6630, 7116, 3660, 6448]
961896	5	[6630, 3660, 6448, 3829, 2782]
457052	2	[6630, 7455]
30435	1	[6630]
100730	1	[6630]
618614	1	[6630]
412016	3	[7170, 3660, 6630]
453549	1	[6630]
926132	1	[6630]
147053	1	[6630]
152215	1	[6630]
904465	1	[6630]
672932	1	[6630]
596434	1	[6630]
943212	1	[6630]
969186	1	[6630]
268606	3	[6448, 7116, 6630]
476339	1	[6630]
119747	1	[6630]
494950	1	[6630]
431738	1	[6630]
728088	2	[3660, 6630]
258318	1	[6630]
364661	1	[6630]
921884	1	[6630]
72903	6	[7170, 6630, 6448, 3961, 606, 7455]
546883	1	[6630]
635856	1	[6630]
556973	1	[6630]
680827	2	[3660, 6630]
584908	5	[7170, 6630, 7116, 3660, 7455]
878087	1	[6630]
769426	1	[6630]
381383	1	[6630]
792965	1	[6630]
779305	1	[6630]
338507	1	[6630]
354911	1	[6630]
603884	1	[6630]
794139	1	[6630]
737557	1	[6630]
569571	5	[6630, 7116, 3660, 6448, 7455]
634485	4	[6448, 7038, 7170, 6630]
213367	1	[6630]
203352	7	[7170, 6630, 7116, 3660, 6448, 606, 7455]
940177	4	[7116, 2782, 6630, 7455]
983056	1	[6630]
395482	2	[3829, 6630]
915707	1	[6630]
543522	4	[6448, 3660, 6630, 7455]
93549	1	[6630]
856650	1	[6630]
255692	1	[6630]
700386	1	[6630]
630551	1	[6630]
557455	1	[6630]
323662	1	[6630]
108777	2	[6448, 6630]
971117	4	[6448, 3660, 3829, 6630]
796208	4	[6448, 7116, 6630, 7455]
940038	1	[6630]
119716	3	[606, 7170, 6630]
731742	1	[6630]
77711	2	[3660, 6630]
346540	1	[6630]
238364	1	[6630]
486652	2	[7116, 6630]
868767	1	[6630]
546528	1	[6630]
434955	1	[6630]
496841	1	[6630]
317131	1	[6630]
206010	1	[6630]
207185	4	[7038, 3660, 3829, 6630]
101684	1	[6630]
610812	1	[6630]
693945	1	[6630]
264512	1	[6630]
45372	3	[3660, 6630, 2782]
159427	1	[6630]
136736	1	[6630]
337391	1	[6630]
761456	1	[6630]
689699	1	[6630]
99050	2	[7116, 6630]
604909	1	[6630]
165378	5	[6630, 3660, 6448, 3829, 7455]
533803	1	[6630]
255335	1	[6630]
705220	2	[3660, 6630]
254027	1	[6630]
287860	2	[6630, 4719]
538099	3	[3660, 6630, 2782]
888802	1	[6630]
533836	2	[7116, 6630]
427141	1	[6630]
875127	2	[606, 6630]
127422	2	[6448, 6630]
815472	1	[6630]
297255	4	[7116, 3829, 6630, 3660]
955345	1	[6630]
345999	1	[6630]
860317	1	[6630]
687810	2	[6448, 6630]
66598	2	[3660, 6630]
192637	1	[6630]
111057	1	[6630]
297203	1	[6630]
942389	4	[6448, 606, 7116, 6630]
832432	1	[6630]
550534	1	[6630]
753013	1	[6630]
569482	1	[6630]
913108	3	[7170, 3660, 6630]
949132	2	[6448, 6630]
133608	1	[6630]
57673	1	[6630]
534379	6	[6630, 7116, 3660, 6448, 2782, 7455]
332552	1	[6630]
856388	2	[3660, 6630]
591477	1	[6630]
998368	2	[2782, 6630]
691063	1	[6630]
377028	1	[6630]
276108	1	[6630]
559728	1	[6630]
815351	2	[3660, 6630]
220035	1	[6630]
644620	1	[6630]
310196	1	[6630]
949526	1	[6630]
530541	1	[6630]
962666	1	[6630]
890566	1	[6630]
209329	1	[6630]
676904	1	[6630]
862852	1	[6630]
799460	1	[6630]
918578	2	[3660, 6630]
490431	1	[6630]
202831	1	[6630]
38785	1	[6630]
426536	1	[6630]
778094	1	[6630]
162654	3	[606, 6630, 7455]
217550	1	[6630]
917285	1	[6630]
744239	1	[6630]
138051	5	[7170, 6630, 6448, 3961, 7455]
461652	2	[3660, 6630]
654988	2	[3660, 6630]
915708	2	[7170, 6630]
769542	1	[6630]
156483	1	[6630]
317506	2	[2782, 6630]
433435	1	[6630]
752228	2	[2782, 6630]
860575	1	[6630]
28670	1	[6630]
33567	3	[606, 6630, 7455]
260538	1	[6630]
603702	1	[6630]
227145	1	[6630]
708876	1	[6630]
969334	1	[6630]
697516	2	[7116, 6630]
95191	1	[6630]
808553	1	[2782]
60899	1	[2782]
278953	1	[2782]
23481	1	[2782]
633201	2	[3660, 2782]
474732	1	[2782]
159754	1	[2782]
904290	2	[6448, 2782]
114553	1	[2782]
283838	1	[2782]
428636	2	[6448, 2782]
96628	1	[2782]
93215	1	[2782]
31063	1	[2782]
847299	1	[2782]
799406	1	[2782]
802199	1	[2782]
327608	1	[2782]
67899	1	[2782]
768631	1	[2782]
669943	1	[2782]
337133	1	[2782]
924587	1	[2782]
750797	1	[2782]
139542	1	[2782]
818294	2	[2782, 7455]
365561	2	[6448, 2782]
673565	1	[2782]
748274	1	[2782]
76173	2	[3660, 2782]
584739	2	[2782, 7455]
158753	1	[2782]
996769	1	[2782]
547251	1	[2782]
865434	2	[606, 2782]
18616	1	[2782]
638984	1	[2782]
811867	1	[2782]
838942	1	[2782]
906201	1	[2782]
669265	1	[2782]
768441	2	[3660, 2782]
268940	1	[2782]
148044	1	[2782]
664908	1	[2782]
436369	1	[2782]
616015	1	[2782]
761227	1	[2782]
472777	2	[6448, 2782]
84886	1	[2782]
284277	1	[2782]
401003	3	[6448, 3829, 2782]
261742	2	[3961, 2782]
894817	2	[6448, 2782]
448052	1	[2782]
765219	1	[2782]
137098	1	[2782]
291100	2	[6448, 2782]
854327	2	[7116, 2782]
573086	1	[2782]
205347	2	[6448, 2782]
499122	2	[6448, 2782]
63140	1	[2782]
128268	2	[6448, 2782]
742130	1	[2782]
562110	2	[3660, 2782]
806615	1	[2782]
485514	1	[2782]
509256	1	[2782]
733831	1	[2782]
473011	1	[2782]
155889	1	[2782]
534239	1	[2782]
282436	1	[2782]
225797	2	[3660, 2782]
669197	1	[2782]
686547	1	[2782]
462393	1	[2782]
998997	1	[2782]
694768	3	[606, 3829, 2782]
216280	1	[2782]
305634	1	[2782]
159117	1	[2782]
995577	1	[2782]
599245	6	[7170, 3660, 4719, 6448, 3829, 2782]
22684	1	[2782]
963702	1	[2782]
231340	1	[2782]
938799	2	[2782, 7455]
240434	1	[2782]
480952	1	[2782]
347404	2	[606, 2782]
18813	2	[6448, 2782]
55911	2	[3660, 2782]
138615	1	[2782]
99154	3	[6448, 7170, 2782]
827477	1	[2782]
353928	1	[2782]
442750	1	[2782]
147062	1	[2782]
321396	1	[2782]
283468	1	[2782]
761599	1	[2782]
966313	2	[6448, 2782]
933550	3	[6448, 3660, 2782]
785564	1	[2782]
285319	2	[3660, 2782]
957426	1	[2782]
446867	4	[606, 7116, 2782, 3660]
490262	1	[2782]
669459	1	[2782]
775139	1	[2782]
553838	1	[2782]
286801	1	[2782]
825895	1	[2782]
264439	2	[3829, 2782]
1245	1	[2782]
316818	1	[2782]
918865	1	[2782]
93749	1	[2782]
448496	1	[2782]
170508	2	[7116, 2782]
108762	1	[2782]
835945	1	[2782]
287483	3	[6448, 7116, 2782]
517438	1	[2782]
245112	1	[2782]
543928	1	[2782]
479923	1	[2782]
321018	1	[2782]
286039	4	[6448, 7170, 3660, 2782]
544785	1	[2782]
729471	4	[6448, 7170, 3829, 2782]
650047	1	[2782]
946452	1	[2782]
262877	1	[2782]
948761	1	[2782]
624479	1	[2782]
623274	1	[2782]
239971	3	[6448, 3660, 2782]
963316	1	[2782]
258090	1	[2782]
929791	1	[2782]
381221	1	[2782]
903923	1	[2782]
633756	1	[2782]
265507	1	[2782]
281676	1	[2782]
876842	1	[2782]
968791	4	[3961, 7116, 3829, 2782]
693335	2	[6448, 2782]
783171	1	[2782]
337041	1	[2782]
324363	1	[2782]
54355	1	[2782]
896050	1	[2782]
798227	1	[2782]
172853	1	[2782]
879917	1	[2782]
29764	1	[2782]
819307	1	[2782]
48547	1	[2782]
932764	2	[7116, 2782]
893832	3	[6448, 7038, 2782]
105429	1	[2782]
613300	3	[7116, 2782, 3660]
602326	1	[2782]
482515	1	[2782]
558190	1	[2782]
477220	1	[2782]
213962	1	[2782]
833531	1	[2782]
496709	3	[6448, 3660, 2782]
736450	2	[2782, 7455]
48731	1	[2782]
762362	1	[2782]
717807	1	[2782]
690143	3	[7170, 3660, 2782]
653626	1	[2782]
94062	1	[2782]
872765	1	[2782]
748185	1	[2782]
581950	1	[2782]
751837	1	[2782]
338308	3	[606, 7116, 2782]
282386	2	[7116, 2782]
716665	1	[2782]
947348	2	[7116, 2782]
912671	1	[2782]
785137	1	[2782]
686735	1	[2782]
102159	1	[2782]
128665	1	[2782]
764480	1	[2782]
283056	2	[3660, 2782]
584506	1	[2782]
455935	3	[6448, 3961, 2782]
790325	1	[2782]
102712	1	[2782]
610268	1	[2782]
8967	1	[2782]
515309	2	[3660, 2782]
454893	1	[2782]
305625	1	[2782]
644193	3	[6448, 3660, 2782]
640791	1	[2782]
846353	1	[2782]
89057	4	[6448, 606, 7116, 2782]
38028	1	[2782]
48281	1	[2782]
40663	1	[2782]
920836	1	[2782]
488795	1	[2782]
607819	1	[2782]
492937	1	[2782]
756974	3	[7116, 3829, 2782]
42733	1	[2782]
353865	1	[2782]
186771	2	[606, 2782]
838509	1	[2782]
922271	2	[3961, 2782]
102540	1	[2782]
378095	1	[2782]
403922	1	[2782]
341103	2	[3660, 2782]
491586	1	[2782]
6799	1	[2782]
981829	1	[2782]
664157	1	[2782]
853955	1	[2782]
326037	1	[2782]
187618	1	[2782]
401006	1	[2782]
449303	3	[6448, 7116, 2782]
956253	1	[2782]
145944	1	[2782]
461639	2	[3660, 2782]
782783	1	[2782]
741975	1	[2782]
732782	1	[2782]
209506	1	[2782]
173907	1	[2782]
269690	1	[2782]
238840	1	[2782]
844802	1	[2782]
354369	1	[2782]
394989	1	[2782]
595287	2	[3660, 2782]
388150	2	[6448, 2782]
537077	1	[2782]
298074	1	[2782]
839418	1	[2782]
344240	1	[2782]
830524	1	[2782]
492221	1	[2782]
101800	1	[2782]
536261	4	[6448, 7116, 2782, 3660]
239078	1	[2782]
562611	1	[2782]
355541	1	[2782]
936383	2	[3829, 2782]
421298	2	[3660, 2782]
377104	2	[3660, 2782]
46539	1	[2782]
799419	1	[2782]
239822	1	[2782]
316047	1	[2782]
826250	1	[2782]
506734	2	[3660, 2782]
559255	1	[2782]
997980	1	[2782]
758456	1	[2782]
707536	1	[2782]
969588	1	[2782]
92128	1	[2782]
405321	1	[2782]
894948	1	[2782]
841329	5	[7116, 2782, 6448, 606, 7455]
502221	2	[7170, 2782]
131274	1	[2782]
560345	1	[2782]
22583	1	[2782]
683749	2	[3660, 2782]
657589	1	[2782]
434660	1	[2782]
137901	1	[2782]
538390	1	[2782]
66922	1	[2782]
251886	1	[2782]
934876	2	[606, 2782]
66277	1	[2782]
899396	1	[2782]
574072	1	[2782]
584746	1	[2782]
860200	1	[2782]
837527	1	[2782]
478208	1	[2782]
886244	1	[2782]
746376	3	[7116, 2782, 7455]
726471	1	[2782]
280393	1	[2782]
721306	1	[2782]
788346	1	[2782]
476938	1	[2782]
281744	1	[2782]
461479	1	[2782]
493230	1	[2782]
684842	1	[2782]
792903	1	[2782]
706464	2	[7116, 2782]
570573	1	[2782]
729825	2	[3660, 2782]
696497	1	[2782]
576071	1	[2782]
954335	1	[2782]
294471	1	[3829]
345592	1	[3829]
833161	1	[3829]
990252	1	[3829]
238442	2	[6448, 3829]
1820	1	[3829]
96220	3	[7170, 3660, 3829]
262234	1	[3829]
407022	4	[6448, 7170, 3829, 7455]
258970	1	[3829]
233925	2	[7116, 3829]
492737	1	[3829]
315038	1	[3829]
542282	1	[3829]
841401	2	[7170, 3829]
402628	3	[7170, 3829, 4719]
493359	1	[3829]
25223	1	[3829]
296901	2	[3829, 7038]
605316	1	[3829]
679420	1	[3829]
887786	1	[3829]
890033	1	[3829]
502469	1	[3829]
394623	2	[7116, 3829]
238511	2	[7116, 3829]
398764	2	[3660, 3829]
595730	3	[3660, 3829, 7455]
936784	1	[3829]
822838	1	[3829]
306986	1	[3829]
787273	2	[3660, 3829]
770232	2	[7116, 3829]
926236	1	[3829]
456228	3	[3961, 3660, 3829]
991244	1	[3829]
658375	2	[3829, 606]
588301	1	[3829]
532176	2	[5024, 7038]
464734	1	[3829]
170486	1	[3829]
241031	1	[3829]
784116	1	[3829]
976246	1	[3829]
568114	3	[6448, 3660, 3829]
707519	2	[3660, 3829]
35433	1	[3829]
17581	1	[3829]
438893	1	[3829]
588626	1	[3829]
680957	1	[3829]
146261	1	[3829]
997438	1	[3829]
427849	1	[3829]
622601	3	[5024, 3660, 3829]
26378	2	[7170, 3829]
343770	3	[7116, 3829, 3660]
716837	1	[3829]
623695	4	[3660, 3829, 7038, 7455]
210883	1	[3829]
109741	1	[3829]
905642	1	[3829]
711118	2	[7170, 3829]
235809	1	[3829]
616095	2	[3660, 3829]
62367	2	[3660, 3829]
978345	3	[7116, 3829, 3660]
831224	1	[3829]
698363	2	[3660, 3829]
612974	1	[3829]
226605	1	[3829]
774714	1	[3829]
816517	1	[3829]
200669	1	[3829]
261482	1	[3829]
777314	1	[3829]
197644	1	[3829]
526001	1	[3829]
831222	1	[3829]
362387	1	[3829]
632549	1	[3829]
248145	1	[3829]
790553	1	[3829]
927577	1	[3829]
192264	1	[3829]
461081	1	[3829]
339483	1	[3829]
587726	1	[3829]
146726	2	[3660, 3829]
596754	1	[3829]
891205	1	[3829]
26924	1	[3829]
749599	1	[3829]
794640	1	[3829]
355074	2	[7116, 3829]
153394	1	[3829]
384374	2	[3829, 7038]
460386	1	[3829]
186388	2	[6448, 3829]
775357	1	[3829]
10667	1	[3829]
705706	2	[7116, 3829]
436636	1	[3829]
609690	2	[3660, 3829]
730472	2	[7170, 3829]
165735	5	[7170, 3660, 6448, 3829, 606]
184885	2	[3660, 3829]
565005	2	[3660, 3829]
593100	5	[3660, 6448, 3829, 606, 7455]
215640	2	[3829, 7038]
368611	1	[3829]
974348	1	[3829]
804127	1	[3829]
552781	2	[3660, 3829]
110274	2	[7170, 3829]
12366	1	[3829]
555626	1	[3829]
812389	1	[3829]
289027	3	[6448, 3660, 3829]
198407	1	[3829]
124434	2	[3961, 3829]
740729	1	[3829]
587630	1	[3829]
971201	1	[3829]
43866	1	[3829]
125848	1	[3829]
344414	4	[3961, 7170, 3829, 7455]
905881	1	[3829]
855011	1	[3829]
162782	1	[3829]
248037	1	[3829]
164646	2	[6448, 3829]
219340	1	[3829]
185216	1	[3829]
899697	4	[3961, 7116, 3829, 3660]
930303	1	[3829]
124322	1	[3829]
540740	1	[3829]
872844	1	[3829]
965566	1	[3829]
929296	1	[3829]
8292	1	[3829]
690492	1	[3829]
131652	1	[3829]
580037	1	[3829]
206528	2	[7116, 3829]
789211	2	[7116, 3829]
938585	1	[3829]
229384	2	[6448, 3829]
144947	1	[3829]
385247	1	[3829]
204430	1	[3829]
815278	5	[7170, 3660, 3829, 3961, 7455]
184737	2	[6448, 3829]
986018	1	[3829]
738259	2	[3829, 606]
760986	1	[3829]
266212	1	[3829]
612741	3	[7170, 7116, 3829]
330861	1	[3829]
559744	1	[3829]
994664	1	[3829]
814562	1	[3829]
448286	2	[3660, 3829]
901137	1	[3829]
179529	1	[3829]
132905	1	[3829]
232253	1	[3829]
204792	1	[3829]
453979	1	[3829]
772844	1	[3829]
270836	1	[3829]
122441	1	[3829]
75299	1	[3829]
744919	1	[3829]
863726	1	[3829]
567071	1	[3829]
698909	1	[3829]
344703	1	[3829]
248705	1	[3829]
603927	1	[3829]
257227	3	[7116, 3829, 606]
678478	1	[3829]
575893	1	[3829]
585176	2	[7116, 3829]
62406	4	[6448, 3961, 7116, 3829]
660467	1	[3829]
36655	1	[3829]
259301	1	[3829]
706121	5	[7170, 7116, 4719, 6448, 3829]
822259	1	[3829]
320064	1	[3829]
448048	2	[7116, 3829]
448948	1	[3829]
583872	1	[3829]
720966	1	[3829]
503005	2	[3829, 7455]
22510	1	[3829]
65111	1	[3829]
766970	1	[3829]
77017	2	[3660, 3829]
128666	1	[3829]
892576	1	[3829]
364075	1	[3829]
299502	1	[3829]
8075	2	[6448, 3829]
521691	1	[3829]
99982	1	[3829]
905171	1	[3829]
371145	1	[3829]
494120	1	[3829]
345530	1	[3829]
282669	1	[3829]
622762	2	[7116, 3829]
794554	1	[3829]
205404	1	[3829]
553294	2	[7116, 3829]
647797	2	[3660, 3829]
796615	1	[3829]
860380	1	[3829]
890279	1	[3829]
372211	1	[3829]
79280	1	[3829]
930231	1	[3829]
605209	1	[3829]
320754	1	[3829]
604253	1	[3829]
40292	1	[3829]
215145	1	[3829]
976912	1	[3829]
630018	1	[3829]
694727	1	[3829]
514858	1	[3829]
973534	1	[3829]
81819	2	[3660, 3829]
714666	2	[3660, 3829]
355154	2	[3829, 7038]
66103	3	[6448, 3660, 3829]
616533	1	[3829]
612794	1	[3829]
544634	1	[3829]
398427	1	[3829]
628224	1	[3829]
775547	1	[3829]
908038	1	[3829]
699597	3	[7116, 3829, 3660]
89215	1	[3829]
192753	2	[3829, 606]
547736	1	[3829]
738077	2	[7116, 3829]
824365	1	[3829]
328455	1	[3829]
71611	3	[6448, 7170, 3829]
201296	2	[3660, 3829]
755539	1	[3829]
599740	1	[3829]
612237	1	[3829]
882753	1	[3829]
180659	1	[3829]
867846	2	[7116, 3829]
480313	4	[4719, 3660, 3829, 7455]
951754	1	[3829]
214176	1	[3829]
262364	1	[3829]
882297	2	[3660, 3829]
439215	1	[3829]
61128	1	[3829]
59554	1	[3829]
21715	1	[3829]
370111	1	[3829]
36628	1	[3829]
889728	1	[3829]
656438	1	[3829]
558303	1	[3829]
322493	3	[3961, 3829, 7038]
71965	1	[3829]
728626	2	[7116, 3829]
916754	5	[7116, 3660, 6448, 3829, 7455]
582836	1	[3829]
86574	1	[3829]
954757	1	[3829]
586933	1	[3829]
849812	1	[3829]
702371	1	[3829]
967247	1	[3829]
175041	1	[3829]
524236	1	[3829]
304677	4	[6448, 3961, 7116, 3829]
777511	1	[3829]
842709	1	[3829]
438081	1	[3829]
949154	1	[3829]
613895	1	[3829]
270019	1	[3829]
911817	1	[3829]
335212	2	[3829, 7455]
902687	1	[3829]
333598	1	[3829]
552102	1	[3829]
410828	1	[3829]
526432	4	[3961, 7116, 3829, 3660]
656763	1	[3829]
964604	1	[3829]
762709	3	[6448, 3829, 606]
444591	1	[3829]
864018	1	[3829]
657914	1	[3829]
930016	1	[3829]
287658	2	[3660, 3829]
383601	3	[3961, 3829, 606]
157552	1	[3829]
214986	2	[3660, 3829]
716528	3	[6448, 3660, 3829]
675017	1	[3829]
534841	2	[7116, 3829]
950393	4	[606, 7116, 3829, 7038]
267024	1	[3829]
738022	1	[3829]
803489	2	[6448, 3829]
328050	4	[6448, 7170, 3829, 7455]
748721	1	[3829]
138923	1	[3829]
596292	2	[3829, 7038]
980866	1	[3829]
88661	1	[3829]
23086	1	[3829]
322148	1	[3829]
627756	3	[7116, 3829, 606]
702959	1	[3829]
66583	1	[3829]
575656	1	[3829]
903597	1	[3829]
561908	3	[3660, 3829, 7455]
892575	1	[3829]
405813	2	[7116, 3829]
242717	1	[3829]
966002	1	[3829]
189314	1	[3829]
132403	1	[3829]
493370	1	[3829]
273426	1	[3829]
624973	1	[3829]
603625	1	[3829]
381287	1	[3829]
859898	1	[3829]
686003	1	[3829]
538974	1	[3829]
945719	1	[3829]
833305	1	[3829]
115668	1	[3829]
522608	4	[6448, 3961, 3660, 3829]
929319	2	[7116, 3829]
875318	1	[3829]
731281	1	[3829]
917636	1	[3829]
785618	1	[3829]
246220	1	[3829]
561046	1	[3829]
437541	1	[3829]
153106	1	[3829]
807464	1	[3829]
95445	2	[3829, 7455]
377120	1	[3829]
234084	1	[3829]
221542	1	[3829]
884588	2	[6448, 3829]
490725	1	[3829]
893291	1	[3829]
199101	1	[3829]
900339	1	[3829]
594873	1	[3829]
166583	1	[3829]
258562	1	[3829]
377796	1	[3829]
990193	1	[3829]
778841	1	[3829]
553195	2	[3660, 3829]
129412	4	[6448, 7170, 3660, 3829]
115298	1	[3829]
881756	1	[3829]
928120	1	[3829]
410076	1	[7116]
464676	2	[6448, 7116]
13591	2	[6448, 7116]
939348	1	[7116]
439079	1	[7116]
118486	2	[7116, 606]
96022	1	[7116]
207364	3	[6448, 7116, 606]
963575	1	[7116]
881295	2	[7116, 3660]
41031	3	[6448, 7116, 606]
502044	4	[4719, 7116, 606, 3660]
322885	1	[7116]
247277	1	[7116]
528679	2	[7116, 3660]
74522	2	[7116, 3660]
68258	1	[7116]
168304	1	[7116]
221523	1	[7116]
708707	1	[7116]
514101	1	[7116]
590276	1	[7116]
784297	2	[7170, 7116]
549618	1	[7116]
405125	3	[6448, 7116, 3660]
843605	1	[7116]
665380	1	[7116]
821657	1	[7116]
794654	3	[6448, 7116, 606]
765962	1	[7116]
344194	1	[7116]
454806	2	[6448, 7116]
100911	2	[6448, 7116]
945248	1	[7116]
969852	1	[7116]
917446	1	[7116]
80434	1	[7116]
865220	2	[6448, 7116]
940609	2	[7116, 606]
192286	1	[7116]
803338	1	[7116]
995356	1	[7116]
311804	1	[3660]
144464	1	[7116]
482353	1	[7116]
341390	2	[6448, 7116]
292682	3	[7116, 606, 3660]
190201	3	[6448, 7116, 3660]
703748	1	[7116]
67102	1	[7116]
485093	1	[7116]
729712	3	[6448, 7116, 3660]
358874	1	[7116]
659929	1	[7116]
257387	3	[6448, 7116, 606]
781758	2	[6448, 7116]
932143	1	[7116]
504477	2	[6448, 7116]
601122	2	[7116, 3660]
521474	1	[7116]
738056	2	[7116, 606]
899443	3	[6448, 7116, 3660]
740914	1	[7116]
167130	2	[6448, 7116]
556712	1	[7116]
479480	1	[7116]
990223	2	[7116, 4719]
513821	2	[6448, 7116]
490031	1	[7116]
702158	2	[7116, 3660]
988894	1	[7116]
196343	1	[7116]
424927	1	[7116]
637628	2	[7116, 3660]
750018	2	[7116, 606]
710329	1	[7116]
392687	1	[7116]
789256	1	[7116]
772737	1	[7116]
324954	1	[7116]
759915	1	[7116]
691933	2	[7116, 3660]
260897	1	[7116]
540301	1	[7116]
448684	1	[7116]
704207	1	[7116]
234159	1	[7116]
896208	2	[7116, 3660]
118152	2	[7116, 3660]
32911	1	[7116]
749827	1	[7116]
809927	2	[7116, 3660]
118921	2	[7116, 7038]
738095	1	[7116]
461717	1	[7116]
239685	1	[7116]
987605	2	[7170, 7116]
224604	1	[7116]
339240	1	[7116]
452240	1	[7116]
169046	1	[7116]
838355	1	[7116]
109081	4	[4719, 7116, 3660, 7455]
520976	1	[7116]
54204	1	[7116]
769129	1	[7116]
718406	1	[7116]
327228	1	[7116]
458515	1	[7116]
63686	1	[7116]
94168	3	[6448, 7116, 606]
101447	1	[7116]
378484	1	[7116]
741752	2	[7116, 4719]
68396	1	[7116]
300865	1	[7116]
937650	1	[7116]
553376	1	[7116]
785020	1	[7116]
994610	2	[6448, 7116]
180303	1	[7116]
488434	1	[7116]
808494	1	[7116]
283562	1	[7116]
447457	1	[7116]
694741	5	[7116, 3660, 6448, 3961, 7455]
705883	2	[7116, 3660]
441120	4	[6448, 7116, 7455, 3660]
915110	3	[3961, 7116, 606]
725777	3	[6448, 7116, 3660]
209525	2	[7116, 3660]
622853	1	[7116]
885961	1	[7116]
657079	1	[7116]
409997	1	[7116]
679556	1	[7116]
609269	1	[7116]
759053	1	[7116]
15523	1	[7116]
103370	3	[7116, 606, 3660]
491690	2	[7116, 3660]
437521	3	[6448, 7116, 606]
608245	1	[7116]
987899	2	[7116, 7455]
810519	1	[7116]
584411	1	[7116]
504465	1	[7116]
696089	1	[7116]
750907	2	[7116, 7455]
506298	1	[7116]
118457	2	[6448, 7116]
532870	1	[7116]
154141	1	[7116]
612647	1	[7116]
824678	1	[7116]
62457	1	[7116]
473406	1	[7116]
781692	1	[7116]
155488	1	[7116]
5876	1	[7116]
475306	1	[7116]
634053	2	[7116, 7455]
731214	1	[7116]
191785	1	[7116]
830813	1	[7116]
195732	1	[7116]
490917	1	[7116]
608260	1	[7116]
738316	1	[7116]
981263	1	[7116]
753553	1	[7116]
594470	1	[7116]
36877	1	[7116]
849395	1	[7116]
603230	1	[7116]
808085	2	[6448, 7116]
684168	1	[7116]
23570	2	[7116, 3660]
54240	1	[7116]
627941	1	[7116]
478601	1	[7116]
10261	2	[6448, 7116]
737356	1	[7116]
674765	1	[7116]
435359	3	[6448, 7116, 606]
592514	1	[7116]
538839	1	[7170]
595911	3	[7170, 606, 7455]
467303	1	[7170]
736126	1	[7170]
829881	1	[7170]
487424	2	[6448, 7170]
123540	1	[7170]
50375	1	[7170]
843447	2	[6448, 7170]
36878	2	[6448, 7170]
962698	1	[7170]
402025	1	[7170]
446686	1	[7170]
698359	1	[7170]
181331	1	[7170]
186804	1	[7170]
591091	1	[7170]
382009	2	[5024, 7170]
516554	1	[7170]
853424	1	[7170]
161882	1	[7170]
397090	1	[7170]
635758	2	[7170, 3660]
674012	1	[7170]
885958	1	[7170]
658565	1	[7170]
198525	1	[7170]
248866	1	[7170]
353570	1	[7170]
957835	1	[7170]
699472	1	[7170]
205176	1	[7170]
206788	1	[7170]
437339	1	[7170]
333547	2	[7170, 3660]
605918	2	[7170, 3660]
348199	1	[7170]
591669	1	[7170]
100468	1	[7170]
823972	1	[7170]
577500	1	[7170]
646218	1	[7170]
7921	1	[7170]
754379	1	[7170]
15342	1	[7170]
846840	1	[7170]
514624	1	[7170]
824573	1	[7170]
681523	1	[7170]
213612	1	[7170]
539479	1	[7170]
788243	1	[7170]
673827	1	[7170]
533120	2	[7170, 3660]
25148	1	[7170]
271019	1	[7170]
902047	1	[7170]
174129	1	[7170]
857640	1	[7170]
423488	1	[7170]
487614	1	[7170]
679115	1	[7170]
470973	1	[7170]
496914	2	[7170, 3660]
710023	1	[7170]
72798	1	[7170]
741115	1	[7170]
242610	1	[7170]
178114	1	[7170]
386907	1	[7170]
459479	1	[7170]
365488	1	[7170]
139509	2	[7170, 7038]
874674	1	[7170]
598819	1	[7170]
523308	3	[6448, 7170, 3660]
766915	1	[7170]
249231	1	[7170]
649522	3	[6448, 7170, 7455]
548062	2	[7170, 3660]
492886	1	[7170]
824704	1	[7170]
144768	1	[7170]
701731	2	[3961, 7170]
33633	1	[7170]
922670	1	[7170]
798058	1	[7170]
512901	2	[7170, 3660]
753746	2	[7170, 606]
614323	1	[7170]
358220	5	[5024, 7170, 3660, 6448, 3961]
781926	1	[7170]
577538	1	[7170]
656491	1	[7170]
976273	1	[7170]
995101	3	[7170, 606, 7455]
343721	1	[7170]
836323	1	[7170]
198845	1	[7170]
188017	1	[7170]
161438	2	[7170, 3660]
461587	1	[7170]
754716	2	[7170, 4719]
919901	1	[7170]
939073	2	[7170, 3660]
643215	1	[7170]
731138	1	[7170]
214237	1	[7170]
997115	1	[6448]
770400	1	[6448]
717859	1	[6448]
252162	1	[6448]
875317	3	[6448, 3660, 4719]
363115	1	[6448]
664181	1	[6448]
704167	1	[6448]
423982	2	[6448, 606]
330564	2	[6448, 606]
18957	1	[6448]
423752	1	[6448]
364870	1	[6448]
744741	1	[6448]
57218	1	[6448]
99344	1	[6448]
321487	1	[6448]
434224	1	[6448]
525200	1	[6448]
563015	1	[6448]
826259	1	[6448]
694622	1	[6448]
657818	2	[6448, 3660]
983716	1	[6448]
287236	1	[6448]
820874	1	[6448]
467719	1	[6448]
25479	1	[6448]
403617	2	[6448, 606]
460984	1	[6448]
352423	1	[6448]
264018	1	[6448]
622031	1	[6448]
888067	2	[6448, 3660]
177662	1	[6448]
906182	1	[6448]
920090	1	[6448]
141963	1	[6448]
863791	1	[6448]
600118	1	[6448]
23093	1	[6448]
670728	1	[6448]
538989	1	[6448]
424677	1	[6448]
894838	1	[6448]
281635	1	[6448]
895350	1	[6448]
245973	3	[6448, 3660, 4719]
591623	1	[6448]
234605	1	[6448]
613984	1	[6448]
829746	1	[6448]
220737	1	[6448]
284468	1	[6448]
932464	1	[6448]
265839	1	[6448]
593827	1	[6448]
760167	1	[6448]
483587	1	[6448]
54826	1	[6448]
551540	1	[6448]
143439	1	[6448]
799217	1	[6448]
467931	2	[6448, 3961]
798738	1	[6448]
700129	2	[6448, 3961]
889741	1	[6448]
411490	1	[6448]
45129	1	[6448]
84356	1	[6448]
806392	1	[6448]
991297	1	[6448]
448585	1	[6448]
736460	1	[6448]
677086	1	[6448]
491492	2	[6448, 3660]
142092	1	[6448]
660423	1	[6448]
596125	1	[6448]
889687	1	[6448]
138761	1	[6448]
517068	2	[6448, 3660]
233327	1	[6448]
572043	1	[6448]
107772	1	[6448]
243591	1	[6448]
219815	1	[6448]
694071	1	[6448]
680289	1	[6448]
668586	1	[6448]
906183	2	[6448, 7038]
199693	1	[6448]
211788	1	[6448]
203530	1	[6448]
620884	1	[6448]
407119	1	[6448]
351599	1	[6448]
975788	1	[6448]
135253	2	[6448, 4719]
401618	1	[6448]
961365	1	[6448]
690662	1	[6448]
45333	1	[6448]
575385	1	[6448]
969932	1	[6448]
213467	1	[6448]
317041	1	[6448]
382791	1	[6448]
430696	1	[6448]
544405	1	[6448]
262205	1	[6448]
176812	1	[6448]
138839	1	[6448]
445077	1	[6448]
145983	1	[6448]
969446	1	[6448]
145667	1	[6448]
245919	1	[6448]
460522	1	[6448]
315468	1	[6448]
710203	1	[6448]
216952	1	[6448]
808978	1	[6448]
94852	1	[6448]
350442	1	[6448]
567237	1	[6448]
972765	2	[6448, 3660]
646494	1	[6448]
156610	1	[6448]
878242	1	[6448]
766660	1	[6448]
39368	1	[6448]
280904	1	[6448]
110818	1	[6448]
207524	1	[6448]
255947	2	[6448, 606]
473299	1	[6448]
424734	1	[6448]
177809	2	[6448, 7038]
323826	2	[6448, 606]
646236	1	[6448]
841317	1	[6448]
434116	1	[6448]
480909	1	[6448]
417661	1	[6448]
713166	1	[6448]
700658	1	[6448]
577271	1	[6448]
728581	1	[6448]
698155	2	[6448, 7455]
303296	1	[6448]
332006	1	[6448]
985073	1	[6448]
789313	1	[6448]
302162	1	[6448]
46400	1	[6448]
181192	1	[6448]
274867	1	[6448]
685043	1	[6448]
100591	1	[6448]
703565	1	[6448]
91196	1	[6448]
741569	1	[6448]
364234	1	[6448]
751949	1	[6448]
235425	1	[6448]
892636	1	[6448]
443743	1	[6448]
959945	1	[6448]
408041	1	[6448]
270375	1	[6448]
672193	1	[6448]
985659	1	[6448]
658684	1	[6448]
70012	1	[6448]
500306	1	[6448]
988594	1	[6448]
816289	2	[6448, 3961]
826044	1	[6448]
67966	1	[6448]
727744	2	[6448, 3660]
95563	1	[6448]
662613	1	[6448]
470297	1	[6448]
678143	1	[6448]
317032	1	[6448]
357440	1	[6448]
492654	1	[6448]
491738	1	[6448]
640538	1	[6448]
412547	1	[6448]
183502	1	[6448]
987853	1	[6448]
842955	1	[6448]
784742	1	[6448]
467655	1	[6448]
205579	1	[6448]
940988	1	[6448]
203936	2	[6448, 606]
468805	1	[6448]
640946	1	[6448]
626119	1	[6448]
813472	2	[6448, 3660]
212987	2	[6448, 606]
908054	1	[6448]
488656	1	[6448]
57555	1	[6448]
939643	1	[6448]
186220	1	[6448]
933088	2	[6448, 3660]
813510	2	[6448, 3660]
512799	1	[6448]
49737	1	[6448]
335716	1	[6448]
763195	1	[6448]
385124	1	[6448]
854920	1	[6448]
458721	1	[6448]
83786	1	[6448]
734217	1	[6448]
540758	1	[6448]
15851	1	[6448]
5603	1	[6448]
806505	1	[6448]
751715	1	[6448]
640189	1	[6448]
632404	1	[6448]
971503	1	[6448]
261351	1	[6448]
797230	1	[6448]
514705	1	[6448]
582972	1	[6448]
708511	1	[6448]
332146	1	[6448]
179796	1	[6448]
693098	1	[6448]
697677	1	[6448]
516478	1	[6448]
682950	1	[6448]
161689	1	[6448]
157672	2	[6448, 3660]
825969	1	[6448]
938130	1	[6448]
975262	1	[6448]
586078	2	[6448, 3660]
266195	1	[6448]
884496	1	[6448]
803717	1	[6448]
729938	1	[6448]
347030	1	[6448]
620366	1	[6448]
821062	1	[6448]
547362	2	[6448, 3660]
128328	1	[6448]
437832	1	[6448]
26747	1	[6448]
490692	1	[6448]
3948	1	[6448]
405034	1	[6448]
972252	1	[6448]
188535	1	[6448]
522000	1	[6448]
828656	1	[6448]
53173	1	[6448]
429802	2	[6448, 3660]
885751	1	[6448]
690537	1	[6448]
632847	1	[6448]
895702	1	[6448]
814486	1	[6448]
971720	1	[6448]
317626	1	[6448]
186114	1	[6448]
842095	1	[6448]
425386	1	[6448]
662654	2	[6448, 3660]
47538	1	[6448]
190640	1	[6448]
607557	1	[6448]
172691	1	[6448]
470065	1	[6448]
90172	1	[6448]
585583	1	[6448]
664056	1	[6448]
259781	1	[6448]
133316	1	[6448]
683543	1	[6448]
553065	1	[6448]
313495	1	[6448]
929541	1	[6448]
67661	1	[6448]
764444	1	[6448]
780763	1	[6448]
232097	1	[6448]
137085	1	[6448]
779774	1	[6448]
517610	1	[6448]
93775	3	[6448, 3961, 606]
236372	1	[6448]
5090	1	[6448]
849633	1	[6448]
624257	1	[6448]
652769	1	[6448]
345761	1	[6448]
931632	1	[6448]
902381	1	[6448]
456252	1	[6448]
349232	1	[6448]
769501	1	[6448]
52241	1	[6448]
292487	1	[6448]
95456	1	[6448]
734024	1	[6448]
321289	1	[6448]
187884	1	[6448]
716504	1	[6448]
761024	1	[6448]
941551	1	[6448]
778758	1	[6448]
23585	1	[6448]
15843	1	[6448]
964862	1	[6448]
524990	1	[6448]
969389	1	[6448]
90399	1	[6448]
598133	1	[6448]
249348	1	[6448]
808966	1	[6448]
596520	1	[6448]
875596	2	[6448, 7038]
564032	2	[6448, 3660]
676603	1	[6448]
337129	1	[6448]
872921	2	[6448, 4719]
332010	1	[6448]
803941	1	[6448]
758741	1	[6448]
18387	1	[6448]
521405	1	[6448]
753586	1	[6448]
161021	1	[6448]
23225	1	[6448]
456198	1	[6448]
51604	1	[6448]
427005	1	[6448]
295553	1	[6448]
317263	1	[6448]
411340	1	[6448]
985028	1	[6448]
844938	1	[6448]
800120	1	[6448]
394248	1	[6448]
485055	1	[3660]
332661	1	[3660]
150507	1	[3660]
464110	1	[3660]
610104	1	[3660]
399297	1	[3660]
785093	1	[3660]
105779	1	[3660]
223715	1	[3660]
882595	1	[3660]
276666	1	[3660]
636167	1	[3660]
506567	1	[3660]
169667	1	[3660]
945943	1	[3660]
455065	1	[3660]
864377	1	[3660]
907135	1	[3660]
625321	1	[3660]
822214	1	[3660]
655403	1	[3660]
832436	1	[3660]
981869	2	[3660, 7038]
727042	1	[3660]
508007	1	[3660]
500090	1	[3660]
376887	1	[3660]
266957	1	[3660]
223518	1	[3660]
107515	1	[3660]
437633	1	[3660]
732218	1	[3660]
563029	1	[3660]
717369	1	[3660]
269995	1	[3660]
123318	1	[3660]
97293	1	[3660]
984107	1	[3660]
525703	1	[3660]
199213	1	[3660]
318478	1	[3660]
983790	1	[3660]
436893	1	[3660]
61033	1	[3660]
271939	1	[3660]
14312	1	[3660]
796743	1	[3660]
625868	1	[3660]
129157	1	[3660]
791210	1	[3660]
434647	1	[3660]
294311	1	[3660]
147750	1	[3660]
467262	2	[3660, 7038]
460852	1	[3660]
608686	1	[3660]
382134	1	[3660]
658733	1	[3660]
408706	1	[3660]
832788	1	[3660]
991076	1	[3660]
416523	1	[3660]
708855	1	[3660]
339620	1	[3660]
174269	1	[3660]
226894	1	[3660]
53231	1	[3660]
254069	1	[3660]
660999	1	[3660]
879083	1	[3660]
605279	1	[3660]
818799	1	[3660]
946274	1	[3660]
657242	1	[3660]
469286	1	[3660]
885239	2	[3660, 7038]
455278	1	[3660]
382444	1	[3660]
922931	1	[3660]
701663	1	[3660]
911343	1	[3660]
51354	1	[3660]
234658	1	[3660]
829693	1	[3660]
580044	1	[3660]
255412	1	[3660]
177798	1	[3660]
258117	1	[3660]
238183	1	[3660]
430445	1	[3660]
138043	1	[3660]
250060	2	[3961, 3660]
66148	1	[3660]
126738	1	[3660]
225697	1	[3660]
788815	1	[3660]
657686	1	[3660]
740582	1	[3660]
43622	1	[3660]
931177	1	[3660]
455885	1	[3660]
622850	1	[3660]
673117	1	[3660]
807333	1	[3660]
894357	1	[3660]
367782	1	[3660]
138931	1	[3660]
627862	1	[3660]
891475	1	[3660]
570408	1	[3660]
357638	1	[3660]
298803	1	[3660]
213517	1	[3660]
113941	1	[3660]
580550	1	[3660]
479904	1	[3660]
432694	1	[3660]
719119	1	[3660]
162912	2	[3660, 7038]
53746	1	[3660]
739563	1	[3660]
817114	1	[3660]
820257	1	[3660]
432444	1	[3660]
184438	1	[3660]
478992	1	[3660]
944160	1	[3660]
486078	1	[3660]
280463	1	[3660]
978898	1	[3660]
543101	1	[3660]
944694	1	[3660]
922678	1	[3660]
955145	2	[3660, 606]
325965	1	[3660]
414972	1	[3660]
275537	1	[3660]
878681	1	[3660]
446090	1	[3660]
748948	1	[3660]
880422	1	[3660]
403652	1	[3660]
509662	1	[3660]
348773	2	[3660, 4719]
137507	1	[3660]
668689	1	[3660]
777543	1	[3660]
666729	1	[3660]
393869	1	[3660]
78167	1	[3660]
447813	1	[3660]
756880	1	[3660]
763896	1	[3660]
347850	1	[3660]
308073	1	[3660]
822192	1	[3660]
329588	1	[3660]
582496	1	[3660]
611216	1	[3660]
740969	1	[3660]
429570	1	[3660]
268400	1	[3660]
317161	1	[3660]
9694	1	[3660]
668723	1	[3660]
570439	1	[3660]
942049	1	[3660]
559516	1	[3660]
967447	1	[3660]
615920	1	[3660]
336027	1	[3660]
35977	1	[3660]
179599	1	[3660]
842349	1	[3660]
723478	1	[3660]
326136	1	[3660]
82990	1	[3660]
754454	1	[3660]
355712	1	[3660]
429128	1	[3660]
614352	1	[3660]
332622	1	[3660]
852535	1	[3660]
123582	1	[3660]
420975	1	[3660]
146679	1	[3660]
58224	1	[3660]
93040	1	[3660]
678804	1	[3660]
948360	1	[3660]
757792	1	[3660]
266447	1	[3660]
649744	1	[3660]
641036	1	[3660]
382045	1	[3660]
387104	1	[3660]
919460	2	[3660, 7038]
947884	1	[3660]
243147	1	[3660]
889917	1	[3660]
898998	1	[3660]
651553	1	[3660]
729664	1	[3660]
381107	1	[3660]
691573	1	[3660]
446006	1	[3660]
137346	1	[3660]
193040	1	[3660]
188712	1	[3660]
704852	1	[3660]
824124	1	[3660]
290450	2	[3660, 7455]
666315	1	[3660]
687069	1	[3660]
437768	1	[3660]
734389	1	[3660]
470119	1	[3660]
363399	1	[3660]
122946	1	[3660]
260462	1	[3660]
806285	1	[3660]
310089	1	[3660]
946033	1	[3660]
721065	1	[3660]
108631	1	[3660]
796160	1	[3660]
672767	1	[3660]
629325	1	[3660]
916569	1	[3660]
491553	1	[3660]
667521	1	[3660]
677095	1	[3660]
929138	1	[3660]
210257	2	[3660, 7455]
100392	1	[3660]
477521	1	[3660]
301382	1	[3660]
931813	1	[3660]
84906	1	[3660]
70120	1	[3660]
200298	1	[3660]
622740	1	[3660]
780328	1	[3660]
10393	3	[3961, 3660, 7455]
311667	2	[3961, 3660]
87621	1	[3660]
956785	1	[3660]
188880	1	[3660]
353453	1	[3660]
467219	2	[3660, 7455]
203420	1	[3660]
162302	1	[3660]
483312	1	[3660]
305104	1	[3660]
779924	1	[3660]
571648	1	[3660]
255120	1	[3660]
825888	1	[3660]
797554	1	[3660]
281222	1	[3660]
66648	1	[3660]
265836	1	[3660]
175685	1	[3660]
442210	1	[3660]
732805	1	[3660]
59109	1	[3660]
649068	1	[3660]
875898	1	[3660]
780535	1	[3660]
973624	1	[3660]
569454	1	[3660]
45146	1	[3660]
272841	1	[3660]
840156	1	[3660]
955175	1	[3660]
115742	1	[3660]
165660	1	[3660]
839344	1	[3660]
303530	1	[3660]
402339	1	[3660]
477448	1	[3660]
442450	1	[3660]
929363	1	[3660]
487609	1	[3660]
376462	1	[3660]
694831	1	[3660]
293679	1	[3660]
130710	1	[3660]
972359	1	[3660]
276981	1	[3660]
962869	1	[3660]
66151	1	[3660]
968730	1	[3660]
96028	1	[3660]
367454	1	[3660]
835565	1	[3660]
171821	1	[3660]
656253	1	[3660]
39444	1	[3660]
459374	1	[3660]
257707	1	[3660]
224755	1	[3660]
925902	2	[3660, 7038]
388409	1	[3660]
999599	1	[3660]
67931	1	[3660]
368266	1	[3660]
263061	2	[3961, 3660]
453333	1	[3660]
991490	1	[3660]
753969	1	[3660]
727641	1	[3660]
977015	1	[3660]
159134	1	[3660]
386857	1	[3660]
707977	1	[3660]
652325	1	[3660]
406683	1	[3660]
168658	1	[3660]
864407	1	[3660]
908589	1	[3660]
727313	1	[3660]
635277	1	[3660]
214268	1	[3660]
525038	1	[3660]
173775	1	[3660]
244311	1	[3660]
810749	1	[3660]
38749	1	[3660]
237747	1	[3660]
336212	1	[3660]
97083	1	[3660]
402333	2	[3660, 7455]
67269	2	[3961, 3660]
432714	1	[3660]
596868	1	[3660]
441635	1	[3660]
920586	1	[3660]
100842	1	[3660]
15344	2	[3660, 4719]
318587	1	[3660]
168179	1	[3660]
51624	1	[3660]
85306	1	[3660]
207460	2	[3660, 7038]
583068	1	[3660]
322894	1	[3660]
889288	1	[3660]
204615	1	[3660]
224869	1	[3660]
958534	1	[3660]
462296	1	[3660]
161036	1	[3660]
471649	1	[3660]
445138	1	[3660]
718830	1	[3660]
526286	1	[3660]
678814	1	[3660]
668530	1	[3660]
243955	1	[3660]
294495	1	[3660]
276806	1	[3660]
81897	1	[3660]
37989	1	[3660]
436103	1	[3660]
187997	1	[3660]
578831	1	[3660]
66984	1	[3660]
413808	1	[3660]
452994	1	[3660]
936513	1	[3660]
618817	1	[3660]
771813	2	[3660, 7455]
659167	1	[3660]
689275	1	[3660]
162840	1	[3660]
609775	1	[3660]
535480	1	[3660]
30534	1	[3660]
86940	1	[3660]
273704	1	[3660]
456724	1	[3660]
712608	1	[3660]
875628	1	[3660]
435803	1	[3660]
930464	2	[3961, 3660]
402350	1	[3660]
35067	1	[3660]
975047	1	[3660]
854956	2	[3660, 7038]
514087	1	[3660]
916735	1	[3660]
584624	1	[3660]
943380	1	[3660]
463768	1	[3660]
888146	1	[3660]
235987	1	[3660]
742618	2	[3660, 606]
418344	1	[3660]
276846	1	[3660]
517239	1	[3660]
205432	1	[3660]
82076	1	[3660]
863530	1	[3660]
188344	1	[3660]
538331	1	[3660]
275197	1	[3660]
891924	1	[3660]
790937	1	[3660]
20670	1	[3660]
45715	1	[3660]
121042	1	[3660]
616315	1	[3660]
587667	1	[3660]
399504	2	[3660, 7455]
17494	1	[3660]
762017	1	[3660]
2978	1	[3660]
571461	1	[3660]
743447	1	[3660]
564234	1	[3660]
45502	1	[3660]
185789	2	[3660, 7038]
784634	2	[3660, 7455]
985166	1	[3660]
990350	1	[3660]
800927	1	[3660]
411851	1	[3660]
3933	1	[3660]
979236	1	[3660]
533230	1	[3660]
651277	1	[3660]
807746	1	[3660]
257789	1	[3660]
291735	1	[3660]
515162	1	[3660]
927071	1	[3660]
788111	1	[3660]
787932	1	[3660]
931571	1	[3660]
832423	1	[3660]
400647	1	[3660]
856185	1	[3660]
326192	1	[3660]
411637	1	[3660]
76521	1	[3660]
73508	1	[3660]
658820	1	[3660]
529378	1	[3660]
591807	1	[3660]
15926	1	[3660]
346543	1	[3660]
256849	1	[3660]
281995	1	[3660]
817	1	[3660]
161705	1	[3660]
836641	1	[3660]
950110	1	[3660]
873622	1	[3660]
135002	1	[3660]
170547	1	[3660]
657066	1	[3660]
586753	1	[3660]
517528	2	[3961, 3660]
12063	1	[3660]
541318	1	[3660]
965792	1	[3660]
95043	1	[3660]
368536	1	[3660]
362675	1	[3660]
189125	1	[3660]
139951	1	[3660]
422016	1	[3660]
506491	1	[3660]
800298	1	[3660]
573133	1	[3660]
12321	1	[3660]
614929	1	[3660]
108175	1	[3660]
222287	1	[3660]
808599	1	[3660]
986169	1	[3660]
486631	1	[3660]
571638	1	[3660]
912328	1	[3660]
559558	1	[3660]
335086	1	[3660]
128355	1	[3660]
679799	1	[3660]
133693	1	[3660]
754265	1	[3660]
176808	1	[3660]
929321	1	[3660]
300629	1	[3660]
383509	1	[3660]
808948	1	[3660]
940931	1	[3660]
623441	1	[3660]
250282	2	[3660, 7455]
411523	1	[3660]
286063	1	[3660]
674535	1	[3660]
939100	1	[3660]
253060	1	[3660]
546715	1	[3660]
500291	1	[3660]
863160	1	[3660]
115786	1	[3660]
860903	1	[3660]
909181	1	[3660]
654075	1	[3660]
519187	1	[3660]
868785	1	[3660]
398149	1	[3660]
746785	1	[3660]
768141	1	[3660]
938646	1	[3660]
872771	1	[3660]
121702	1	[3660]
649290	1	[3660]
275895	1	[3660]
125691	1	[3660]
373265	1	[3660]
268502	1	[3660]
996713	1	[3660]
812061	1	[3660]
711183	2	[3660, 4719]
561967	2	[3660, 7455]
801481	1	[3660]
14516	1	[3660]
282611	1	[3660]
37834	1	[3660]
139144	1	[3660]
202157	2	[3961, 3660]
924591	1	[3660]
524113	1	[3660]
672455	1	[3660]
707484	1	[3660]
540271	1	[7038]
82074	1	[7038]
90144	1	[7038]
575235	1	[7038]
624203	1	[7038]
260954	1	[7038]
907236	1	[7038]
567201	1	[7038]
218979	1	[7038]
265130	1	[7038]
313945	1	[7038]
341560	1	[7038]
263367	1	[7038]
287138	1	[7038]
486214	1	[7038]
484610	4	[5024, 7038, 606, 4719]
123326	1	[7038]
73149	1	[7038]
302257	1	[7038]
494127	1	[7038]
853015	1	[7038]
81048	1	[7038]
880518	1	[7038]
8400	1	[7038]
60342	1	[7038]
527612	1	[7038]
906068	1	[7038]
622106	1	[7038]
396567	1	[7038]
882684	1	[7038]
115816	1	[7038]
35386	1	[7038]
327063	1	[7038]
967745	1	[7038]
429087	1	[7038]
496410	1	[7038]
433995	1	[7038]
481968	1	[7038]
221946	1	[7038]
927462	1	[7038]
998859	1	[7038]
339383	1	[7038]
619068	1	[7038]
481438	1	[7038]
744097	1	[7038]
844884	1	[7038]
399250	1	[7038]
432991	1	[7038]
605648	1	[7038]
452948	1	[7038]
311372	1	[7038]
209747	1	[7038]
667526	1	[7038]
792056	1	[7038]
94947	2	[7038, 4719]
782771	1	[7038]
855304	1	[7038]
420841	1	[7038]
561486	1	[7038]
350417	1	[7038]
23683	1	[7038]
220657	1	[7038]
44075	1	[7038]
978390	1	[7038]
108158	1	[7038]
829415	1	[7038]
47206	1	[7038]
549537	1	[7038]
518924	1	[7038]
362926	1	[7038]
926839	1	[7038]
245025	1	[7038]
785557	1	[7038]
134195	1	[7038]
157379	1	[7038]
339297	1	[7038]
200838	1	[7038]
75715	1	[7038]
771729	1	[7038]
122383	1	[7038]
426576	3	[5024, 7038, 4719]
748224	1	[7038]
319501	1	[7038]
156432	1	[7038]
690274	1	[7038]
979049	1	[7038]
3592	1	[7038]
844268	1	[7038]
641891	1	[7038]
430297	1	[7038]
493656	1	[7038]
793860	1	[7038]
382372	1	[7038]
212031	1	[7038]
417543	1	[7038]
466425	1	[7038]
425173	1	[7038]
441174	1	[7038]
929283	1	[7038]
24936	1	[7038]
106408	1	[7038]
935287	1	[7038]
887492	1	[7455]
553108	1	[7455]
271937	1	[7455]
20717	1	[7455]
376577	1	[7455]
178780	1	[7455]
58052	1	[7455]
352926	1	[7455]
756337	1	[7455]
512322	1	[7455]
771196	2	[3961, 7455]
927325	1	[7455]
65073	1	[7455]
531806	1	[7455]
619429	1	[7455]
330206	1	[7455]
427372	1	[7455]
641793	1	[7455]
404077	1	[7455]
723087	1	[7455]
602797	1	[7455]
41902	1	[7455]
510714	1	[7455]
924210	1	[7455]
536793	1	[7455]
288737	1	[7455]
426538	1	[7455]
415503	1	[7455]
960723	1	[7455]
999364	1	[7455]
439734	1	[7455]
72413	1	[7455]
641668	1	[7455]
664463	1	[7455]
154927	1	[7455]
586313	1	[7455]
944348	1	[7455]
596525	1	[7455]
466230	1	[7455]
554923	1	[7455]
338898	1	[7455]
125962	1	[7455]
740998	1	[7455]
668115	1	[7455]
876334	1	[7455]
278030	1	[7455]
800172	1	[7455]
895331	1	[7455]
181702	1	[7455]
696932	1	[7455]
244040	1	[7455]
374104	1	[7455]
969247	1	[7455]
943787	1	[7455]
868784	1	[7455]
700299	1	[7455]
24942	1	[7455]
360547	1	[7455]
113887	1	[7455]
425276	1	[7455]
57371	1	[7455]
253202	1	[7455]
630322	1	[7455]
130122	1	[7455]
394050	1	[7455]
983710	1	[7455]
460342	1	[7455]
24542	1	[7455]
40125	1	[7455]
356660	1	[7455]
9785	1	[7455]
759925	1	[7455]
434393	1	[7455]
254154	1	[7455]
55320	1	[7455]
51224	1	[7455]
996434	1	[7455]
898732	1	[7455]
173250	1	[7455]
502574	1	[7455]
868447	1	[7455]
168970	1	[7455]
45517	1	[7455]
339969	1	[7455]
447142	1	[7455]
785717	1	[7455]
381999	1	[7455]
330076	1	[7455]
451775	1	[7455]
837353	1	[7455]
974078	1	[7455]
819213	1	[7455]
111698	1	[7455]
959422	1	[7455]
705933	1	[7455]
831445	1	[7455]
222087	1	[7455]
600075	1	[7455]
985555	1	[7455]
606952	1	[7455]
652054	1	[7455]
863374	1	[7455]
572232	1	[7455]
906873	1	[7455]
679026	1	[7455]
742839	1	[7455]
361254	1	[7455]
944432	1	[7455]
26422	1	[7455]
157676	1	[7455]
588775	1	[7455]
392179	1	[7455]
953365	1	[7455]
819481	1	[7455]
454465	1	[7455]
487180	1	[7455]
496325	1	[7455]
636536	1	[7455]
136626	1	[7455]
922145	1	[5024]
278427	1	[5024]
503937	1	[5024]
858776	1	[5024]
656964	1	[5024]
844031	1	[606]
590824	1	[606]
689028	1	[606]
16320	1	[606]
600623	1	[606]
818808	1	[606]
671917	1	[606]
23650	1	[606]
859367	1	[606]
737614	1	[606]
539280	1	[606]
102653	1	[606]
402450	1	[606]
219403	1	[606]
356656	1	[606]
316832	1	[606]
181511	1	[606]
219295	1	[606]
695649	1	[606]
621806	1	[606]
255999	1	[606]
172311	1	[606]
616471	1	[606]
484703	1	[606]
780043	1	[606]
417774	1	[606]
273331	1	[606]
9463	1	[606]
174753	1	[606]
903221	1	[606]
286952	1	[606]
944517	1	[606]
262580	1	[606]
952444	1	[606]
694530	1	[606]
491271	1	[606]
806942	1	[606]
43033	1	[606]
702573	1	[606]
992597	1	[606]
654145	1	[606]
230927	1	[606]
721954	1	[606]
67973	1	[606]
145091	1	[606]
558270	1	[606]
390788	1	[606]
953303	1	[606]
382945	1	[606]
198944	1	[606]
106827	1	[606]
804089	1	[606]
128117	1	[606]
662214	1	[606]
303363	1	[606]
189821	1	[606]
202538	1	[606]
498771	1	[606]
82302	1	[606]
343470	1	[606]
8414	1	[606]
918571	1	[606]
296809	1	[606]
675740	1	[606]
101311	1	[606]
798556	1	[606]
875803	1	[606]
485168	1	[606]
413645	1	[606]
981404	1	[606]
130665	1	[606]
873199	1	[606]
133595	1	[606]
728130	1	[606]
854086	1	[606]
28969	1	[606]
367615	1	[606]
732724	1	[606]
299459	1	[606]
13964	1	[606]
163621	1	[606]
895247	1	[606]
804477	1	[606]
754738	1	[606]
345863	1	[606]
528969	1	[606]
701340	1	[606]
889550	1	[606]
83214	1	[606]
793115	1	[606]
359209	1	[606]
457075	1	[606]
512906	1	[606]
243567	1	[606]
758139	1	[606]
255521	1	[606]
306667	1	[606]
906191	1	[606]
416519	1	[606]
618496	1	[606]
132573	1	[606]
468379	1	[606]
29161	1	[606]
11977	1	[606]
37010	1	[606]
370863	1	[606]
128260	1	[606]
650402	1	[606]
718400	1	[606]
548706	1	[606]
690448	1	[606]
213511	1	[606]
744805	1	[606]
743205	1	[606]
665288	1	[606]
337866	1	[606]
642565	1	[606]
993749	1	[606]
382039	1	[606]
894752	1	[606]
993495	1	[606]
493054	1	[606]
359630	1	[606]
711304	1	[606]
324919	1	[606]
975912	1	[606]
210967	1	[606]
774995	1	[606]
235481	1	[606]
109745	1	[606]
843530	1	[606]
923766	1	[606]
497681	1	[606]
374911	1	[606]
491762	1	[606]
632655	1	[606]
661404	1	[606]
28390	1	[606]
879541	1	[606]
945891	1	[606]
378293	1	[606]
364864	1	[606]
675650	1	[606]
266478	1	[606]
413279	1	[606]
270185	1	[606]
203519	1	[3961]
694688	1	[3961]
866378	1	[3961]
847103	1	[3961]
58799	1	[3961]
397537	1	[3961]
132490	1	[3961]
121266	1	[3961]
20722	1	[3961]
66527	1	[3961]
122715	1	[3961]
295744	1	[3961]
704532	1	[3961]
447329	1	[3961]
979656	1	[3961]
186796	1	[3961]
880033	1	[3961]
98854	1	[3961]
177879	1	[3961]
804419	1	[3961]
828599	1	[3961]
518479	1	[3961]
625837	1	[3961]
274406	1	[3961]
813754	1	[3961]
496584	1	[3961]
767686	1	[3961]
42581	1	[3961]
831688	1	[3961]
726523	1	[3961]
155288	1	[3961]
339324	1	[3961]
200413	1	[3961]
570083	1	[3961]
529044	1	[3961]
442857	1	[3961]
812517	1	[3961]
373337	1	[3961]
689615	1	[3961]
285778	1	[3961]
295736	1	[3961]
671448	1	[3961]
572800	1	[3961]
600620	1	[3961]
46721	1	[3961]
294066	2	[3961, 4719]
428356	1	[3961]
622058	1	[3961]
320772	1	[3961]
513117	1	[3961]
574159	1	[3961]
411688	1	[3961]
777696	1	[3961]
932271	1	[3961]
147465	1	[3961]
669363	1	[3961]
162620	1	[3961]
453047	1	[3961]
716906	1	[3961]
508447	1	[3961]
147105	1	[3961]
859461	1	[3961]
602772	1	[3961]
907048	1	[3961]
878186	1	[3961]
154232	1	[3961]
477784	1	[3961]
55031	1	[4719]
562403	1	[4719]
679086	1	[4719]
328676	1	[4719]
13427	1	[4719]
678603	1	[4719]
798126	1	[4719]
250886	1	[4719]
107215	1	[4719]
568925	1	[4719]
302911	1	[4719]
193903	1	[4719]
201018	1	[4719]
294470	1	[4719]
64901	1	[4719]
99440	1	[4719]
776266	1	[4719]
526752	1	[4719]
84421	1	[4719]
577205	1	[4719]
824783	1	[4719]
133206	1	[4719]
520194	1	[4719]
876950	1	[4719]
456897	1	[4719]
842247	1	[4719]
676642	1	[4719]
463980	1	[4719]
715869	1	[4719]
241	1	[4719]
