551445	3058	4	[0, 0, 0, 0]
203610	3058	14	[1, 0, 1, 0, 0, 1, 2, 3, 4, 5, 0, 0, 0, 0]
784286	3058	4	[2, 6, 0, 0]
207551	3058	2	[3, 3]
3368	3058	9	[4, 2, 3, 17, 18, 5, 3, 8, 16]
23118	3058	18	[5, 4, 3, 4, 5, 2, 20, 21, 6, 4, 12, 17, 1, 4, 1, 3, 1, 1]
357690	3058	4	[6, 9, 31, 2]
740856	3058	1	[7]
97142	3058	1	[8]
138392	3058	6	[9, 13, 5, 11, 12, 12]
102850	3058	1	[10]
899840	3058	1	[11]
189703	3058	13	[12, 15, 6, 16, 17, 12, 45, 17, 14, 2, 16, 6, 4]
796782	3058	18	[13, 17, 8, 17, 18, 13, 49, 50, 24, 15, 32, 48, 10, 10, 3, 19, 8, 6]
955735	3058	5	[14, 56, 18, 53, 8]
606268	3058	1	[15]
385996	3058	3	[16, 57, 22]
504497	3058	6	[17, 11, 22, 29, 44, 9]
862835	3058	1	[18]
979090	3058	1	[19]
284549	3058	3	[20, 19, 20]
601471	3058	9	[21, 21, 73, 24, 86, 21, 26, 14, 13]
53192	3058	1	[22]
181425	3058	1	[23]
78464	3058	7	[24, 30, 74, 75, 42, 15, 22]
645585	3058	1	[25]
312130	3058	1	[26]
254659	3058	1	[27]
673937	3058	2	[28, 98]
277281	3058	1	[29]
535744	3058	1	[30]
126390	3058	5	[31, 32, 33, 16, 14]
404154	3058	6	[32, 31, 36, 82, 32, 26]
71551	3058	1	[33]
642164	3058	4	[34, 34, 37, 47]
880641	3058	7	[35, 18, 42, 88, 49, 105, 32]
102764	3058	4	[36, 35, 106, 15]
447583	3058	6	[37, 40, 89, 51, 36, 17]
564491	3058	4	[38, 36, 91, 37]
567202	3058	1	[39]
885513	3058	1	[40]
276143	3058	10	[41, 21, 54, 42, 103, 58, 77, 35, 38, 27]
764190	3058	1	[42]
722833	3058	1	[43]
56552	3058	1	[44]
872569	3058	1	[45]
399328	3058	1	[46]
536974	3058	3	[47, 95, 45]
745879	3058	3	[48, 48, 29]
417274	3058	14	[49, 29, 69, 53, 54, 69, 120, 121, 122, 72, 97, 98, 168, 47]
452518	3058	3	[50, 125, 171]
308956	3058	2	[51, 71]
612694	3058	17	[52, 60, 34, 75, 64, 72, 133, 80, 52, 108, 185, 33, 50, 8, 52, 41, 20]
161739	3058	3	[53, 74, 109]
613427	3058	17	[54, 61, 35, 76, 67, 75, 134, 81, 53, 110, 186, 34, 51, 9, 53, 43, 21]
485128	3058	2	[55, 77]
73573	3058	15	[56, 64, 39, 40, 81, 69, 78, 139, 84, 57, 195, 54, 22, 23, 24]
806203	3058	4	[57, 143, 144, 89]
482553	3058	4	[58, 59, 209, 57]
869764	3058	1	[60]
322015	3058	21	[61, 70, 43, 89, 82, 82, 157, 158, 95, 96, 63, 122, 123, 216, 38, 59, 60, 10, 56, 46, 25]
448298	3058	12	[62, 72, 44, 83, 163, 164, 65, 124, 221, 61, 57, 47]
452693	3058	19	[63, 75, 46, 91, 84, 84, 167, 168, 98, 99, 66, 126, 223, 40, 62, 11, 58, 48, 26]
408243	3058	11	[64, 47, 94, 85, 171, 101, 128, 129, 64, 59, 49]
736853	3058	1	[65]
336075	3058	1	[66]
353449	3058	6	[67, 52, 103, 110, 138, 53]
983968	3058	1	[68]
975519	3058	2	[69, 71]
348728	3058	17	[70, 88, 58, 109, 98, 95, 192, 116, 75, 151, 254, 46, 73, 12, 72, 57, 30]
458693	3058	1	[71]
392070	3058	3	[72, 76, 261]
736392	3058	1	[73]
901689	3058	17	[74, 99, 69, 120, 106, 106, 221, 122, 79, 161, 287, 57, 79, 13, 75, 63, 35]
526359	3058	6	[75, 123, 222, 223, 224, 163]
693207	3058	12	[76, 102, 127, 109, 235, 236, 237, 80, 169, 298, 60, 80]
923427	3058	15	[77, 103, 72, 128, 110, 109, 241, 127, 81, 171, 302, 81, 77, 65, 37]
712433	3058	2	[78, 112]
845977	3058	1	[79]
7925	3058	1	[80]
14673	3058	1	[81]
956470	3058	5	[82, 249, 320, 321, 322]
131801	3058	1	[83]
818597	3058	1	[84]
982711	3058	1	[85]
679913	3058	2	[86, 333]
731775	3058	5	[87, 108, 77, 125, 70]
99032	3058	1	[88]
79942	3058	2	[89, 344]
182585	3058	14	[90, 148, 130, 277, 278, 139, 90, 192, 193, 353, 354, 95, 111, 112]
663776	3058	1	[91]
998163	3058	11	[92, 82, 153, 133, 284, 285, 144, 198, 96, 116, 72]
814051	3058	3	[93, 126, 363]
763946	3058	3	[94, 149, 207]
764345	3058	1	[95]
329269	3058	2	[96, 132]
421926	3058	1	[97]
873228	3058	2	[98, 161]
926522	3058	2	[99, 86]
606167	3058	4	[100, 162, 98, 215]
120493	3058	7	[101, 123, 164, 142, 136, 301, 379]
630779	3058	1	[102]
872707	3058	1	[103]
934679	3058	3	[104, 381, 103]
420303	3058	5	[105, 127, 303, 101, 140]
227535	3058	10	[106, 307, 308, 309, 310, 167, 168, 389, 390, 148]
614509	3058	5	[107, 311, 103, 391, 42]
528567	3058	3	[108, 226, 83]
976230	3058	1	[109]
869289	3058	14	[110, 132, 96, 97, 180, 152, 321, 173, 107, 232, 410, 110, 154, 87]
433543	3058	9	[111, 134, 183, 324, 325, 326, 327, 108, 421]
339830	3058	1	[112]
438462	3058	6	[113, 101, 186, 329, 178, 92]
945155	3058	2	[114, 429]
887282	3058	7	[115, 188, 158, 335, 179, 110, 432]
408037	3058	2	[116, 162]
371502	3058	4	[117, 190, 163, 442]
452439	3058	10	[118, 140, 102, 191, 163, 164, 182, 443, 163, 94]
863090	3058	1	[119]
853370	3058	1	[120]
926789	3058	1	[121]
428884	3058	8	[122, 143, 199, 170, 185, 252, 451, 452]
584154	3058	4	[123, 204, 461, 462]
719600	3058	1	[124]
765931	3058	4	[125, 118, 473, 50]
406140	3058	1	[126]
753217	3058	4	[127, 354, 479, 15]
282448	3058	2	[128, 189]
176976	3058	1	[129]
715922	3058	1	[130]
848845	3058	3	[131, 146, 183]
349385	3058	1	[132]
218121	3058	3	[133, 122, 490]
893668	3058	17	[134, 149, 113, 217, 191, 198, 359, 206, 125, 274, 491, 94, 134, 16, 186, 108, 51]
146935	3058	24	[135, 136, 150, 151, 114, 115, 218, 219, 192, 199, 360, 207, 208, 126, 275, 492, 95, 135, 17, 187, 188, 109, 110, 52]
622723	3058	3	[137, 224, 211]
597386	3058	7	[138, 229, 201, 372, 503, 504, 192]
560491	3058	4	[139, 159, 132, 141]
876137	3058	6	[140, 160, 118, 382, 511, 96]
811361	3058	6	[141, 161, 233, 383, 289, 512]
189695	3058	4	[142, 238, 220, 112]
150485	3058	1	[143]
307453	3058	2	[144, 146]
167640	3058	11	[145, 170, 122, 242, 208, 227, 139, 302, 198, 114, 55]
855927	3058	1	[146]
697755	3058	1	[147]
292997	3058	2	[148, 307]
695657	3058	1	[149]
564142	3058	1	[150]
552835	3058	1	[151]
393304	3058	1	[152]
502767	3058	3	[153, 399, 557]
52213	3058	1	[154]
523842	3058	1	[155]
972798	3058	1	[156]
95188	3058	1	[157]
693400	3058	4	[158, 223, 318, 567]
351943	3058	5	[159, 182, 409, 146, 582]
436308	3058	17	[160, 183, 130, 266, 230, 227, 411, 241, 149, 325, 584, 110, 150, 18, 209, 118, 61]
130457	3058	1	[161]
479108	3058	6	[162, 131, 132, 228, 150, 591]
675352	3058	17	[163, 184, 268, 269, 231, 418, 419, 420, 246, 247, 153, 329, 596, 597, 114, 211, 119]
289927	3058	13	[164, 135, 273, 234, 422, 423, 154, 332, 333, 334, 599, 600, 115]
224329	3058	4	[165, 427, 602, 157]
914526	3058	15	[166, 186, 136, 275, 239, 235, 428, 429, 430, 431, 249, 339, 603, 216, 121]
526460	3058	1	[167]
939184	3058	1	[168]
887816	3058	3	[169, 161, 126]
839477	3058	3	[170, 242, 344]
327993	3058	4	[171, 243, 246, 247]
567737	3058	8	[172, 137, 282, 249, 435, 256, 349, 612]
658443	3058	3	[173, 436, 437]
409376	3058	1	[174]
99202	3058	1	[175]
115958	3058	7	[176, 286, 248, 452, 161, 166, 131]
459654	3058	1	[177]
742688	3058	1	[178]
935644	3058	1	[179]
475239	3058	1	[180]
545853	3058	6	[181, 142, 291, 292, 249, 457]
897940	3058	1	[182]
304691	3058	1	[183]
407480	3058	1	[184]
916452	3058	1	[185]
548318	3058	1	[186]
699900	3058	6	[187, 477, 125, 20, 226, 69]
585822	3058	1	[188]
368076	3058	1	[189]
995693	3058	1	[190]
784079	3058	17	[191, 203, 147, 306, 265, 269, 479, 270, 174, 376, 662, 129, 175, 21, 228, 134, 73]
760236	3058	1	[192]
435576	3058	7	[193, 194, 195, 267, 270, 480, 177]
953745	3058	1	[196]
412940	3058	1	[197]
842905	3058	4	[198, 188, 691, 136]
84707	3058	1	[199]
681612	3058	8	[200, 152, 153, 312, 496, 696, 697, 133]
22685	3058	1	[201]
515393	3058	4	[202, 154, 281, 407]
380494	3058	3	[203, 226, 505]
562824	3058	5	[204, 508, 509, 709, 710]
78318	3058	6	[205, 230, 155, 512, 239, 140]
644239	3058	2	[206, 136]
971107	3058	3	[207, 141, 142]
854054	3058	6	[208, 289, 518, 193, 193, 143]
481841	3058	4	[209, 330, 300, 145]
525273	3058	5	[210, 730, 146, 147, 148]
619424	3058	4	[211, 534, 535, 740]
754251	3058	1	[212]
682228	3058	17	[213, 243, 162, 337, 296, 296, 538, 303, 199, 429, 743, 140, 196, 23, 243, 150, 81]
368607	3058	1	[214]
155743	3058	3	[215, 338, 747]
67403	3058	3	[216, 299, 549]
500878	3058	7	[217, 304, 553, 554, 203, 447, 772]
161223	3058	1	[218]
417049	3058	7	[219, 251, 164, 557, 210, 782, 159]
985066	3058	15	[220, 252, 165, 356, 357, 358, 359, 304, 305, 561, 562, 315, 253, 160, 161]
974425	3058	15	[221, 253, 166, 363, 364, 306, 306, 307, 317, 211, 455, 786, 146, 204, 254]
258558	3058	6	[222, 167, 366, 307, 318, 205]
954943	3058	8	[223, 254, 308, 565, 791, 792, 793, 149]
112329	3058	3	[224, 796, 207]
644040	3058	7	[225, 170, 567, 568, 569, 322, 163]
595554	3058	6	[226, 171, 312, 572, 215, 460]
947458	3058	9	[227, 256, 257, 173, 174, 577, 578, 216, 165]
770534	3058	8	[228, 260, 175, 377, 326, 466, 257, 166]
743207	3058	4	[229, 230, 598, 327]
430251	3058	5	[231, 178, 380, 381, 329]
783024	3058	1	[232]
635445	3058	22	[233, 234, 264, 181, 392, 326, 325, 620, 621, 335, 227, 486, 832, 833, 834, 159, 218, 219, 27, 263, 169, 87]
7893	3058	1	[235]
745698	3058	4	[236, 633, 229, 170]
462156	3058	1	[237]
126009	3058	18	[238, 268, 184, 410, 332, 333, 658, 659, 346, 232, 504, 851, 162, 228, 28, 265, 174, 88]
794265	3058	6	[239, 185, 336, 348, 509, 267]
375722	3058	1	[240]
105866	3058	1	[241]
118349	3058	15	[242, 271, 186, 416, 417, 339, 665, 666, 351, 352, 235, 515, 855, 856, 269]
694733	6448	5	[191, 73, 232, 14, 38]
398364	3058	1	[244]
107805	3058	3	[245, 667, 668]
32588	3058	4	[246, 348, 167, 179]
296167	3058	5	[247, 673, 674, 526, 235]
832557	3058	4	[248, 675, 238, 869]
243565	3058	1	[249]
632325	3058	13	[250, 272, 190, 424, 343, 355, 364, 239, 530, 274, 182, 90, 91]
832746	3058	11	[251, 273, 191, 428, 356, 683, 365, 533, 169, 276, 92]
721112	3058	2	[252, 170]
995350	3058	4	[253, 684, 538, 93]
765541	3058	4	[254, 694, 241, 893]
184945	3058	17	[255, 276, 194, 434, 352, 361, 696, 369, 242, 544, 894, 171, 239, 30, 278, 187, 96]
424348	3058	4	[256, 195, 436, 370]
733032	3058	1	[257]
153030	3058	13	[258, 259, 288, 199, 446, 360, 361, 706, 553, 554, 904, 905, 245]
267294	3058	2	[260, 362]
861288	3058	2	[261, 915]
432648	3058	1	[262]
875942	3058	2	[263, 246]
164193	3058	7	[264, 265, 369, 375, 376, 929, 253]
417376	3058	1	[266]
655236	3058	1	[267]
799918	3058	4	[268, 204, 466, 734]
909131	3058	2	[269, 394]
445726	3058	10	[270, 311, 207, 380, 741, 742, 743, 398, 259, 297]
805460	3058	13	[271, 319, 470, 383, 403, 747, 257, 258, 591, 958, 263, 298, 105]
552293	3058	1	[272]
417462	3058	2	[273, 480]
121162	3058	4	[274, 485, 393, 981]
828534	3058	19	[275, 327, 215, 488, 394, 408, 765, 766, 411, 266, 607, 984, 985, 181, 270, 33, 303, 205, 107]
649886	3058	1	[276]
790472	3058	6	[277, 492, 397, 771, 772, 993]
596377	3058	3	[278, 279, 413]
125051	3058	17	[280, 331, 217, 495, 399, 415, 775, 415, 269, 617, 996, 182, 272, 34, 306, 208, 108]
943160	3058	1	[281]
672405	3058	3	[282, 420, 420]
917152	3058	3	[283, 284, 625]
54178	3058	14	[285, 218, 506, 507, 404, 424, 780, 421, 270, 626, 627, 1000, 1001, 309]
596110	3058	1	[286]
983639	3058	8	[287, 338, 221, 515, 420, 425, 318, 210]
199236	3058	2	[288, 1011]
852963	3058	2	[289, 274]
914769	3058	1	[290]
199827	3058	1	[291]
671660	3058	17	[292, 340, 225, 522, 422, 431, 796, 428, 275, 638, 1013, 186, 282, 35, 321, 213, 110]
996402	3058	2	[293, 640]
726863	3058	11	[294, 342, 226, 529, 424, 434, 430, 644, 283, 322, 214]
360482	3058	1	[295]
834988	3058	19	[296, 349, 227, 535, 536, 426, 439, 798, 799, 434, 276, 646, 1019, 187, 284, 36, 328, 216, 112]
920593	3058	5	[297, 538, 440, 278, 1020]
171294	3058	1	[298]
554456	3058	4	[299, 451, 283, 1036]
165714	3058	9	[300, 357, 548, 549, 433, 811, 812, 655, 219]
224776	3058	5	[301, 360, 234, 436, 222]
302349	3058	2	[302, 823]
822600	3058	9	[303, 364, 236, 559, 560, 439, 454, 826, 442]
173831	3058	1	[304]
345476	3058	1	[305]
13401	3058	1	[306]
364871	3058	1	[307]
442687	3058	1	[308]
491807	3058	1	[309]
847989	3058	17	[310, 369, 237, 567, 445, 460, 836, 446, 292, 670, 1054, 197, 294, 37, 338, 224, 114]
248663	3058	1	[311]
375706	3058	5	[312, 569, 295, 1060, 116]
489484	3058	10	[313, 377, 450, 468, 845, 452, 297, 675, 1064, 342]
276563	3058	3	[314, 315, 343]
115242	3058	12	[316, 387, 583, 458, 480, 851, 302, 684, 302, 346, 231, 119]
112232	3058	1	[317]
586140	3058	4	[318, 484, 690, 1083]
431132	3058	1	[319]
927974	5710	3	[5, 23, 6]
62502	5710	1	[6]
780289	5710	1	[7]
537731	5710	2	[8, 27]
481260	5710	2	[10, 8]
193063	5710	1	[11]
986407	5710	4	[12, 15, 24, 5]
704934	5710	5	[14, 43, 16, 9, 15]
171194	5710	4	[16, 18, 17, 7]
299773	5710	1	[18]
741655	5710	5	[19, 54, 55, 50, 11]
657629	5710	1	[20]
217784	5710	1	[21]
571906	5710	5	[22, 20, 28, 40, 14]
907767	5710	2	[23, 45]
314998	5710	1	[24]
335395	5710	3	[25, 13, 68]
492605	5710	1	[26]
90495	5710	1	[27]
892725	5710	1	[28]
411460	5710	1	[29]
939381	5710	1	[30]
955985	5710	1	[31]
416465	5710	3	[33, 17, 37]
954563	5710	4	[34, 48, 98, 99]
425624	5710	4	[35, 19, 100, 68]
704622	5710	1	[36]
740820	5710	1	[37]
907863	5710	5	[38, 52, 53, 57, 34]
737385	5710	1	[39]
632494	5710	11	[40, 58, 59, 108, 64, 40, 82, 133, 134, 135, 136]
332737	5710	2	[41, 38]
526075	5710	1	[42]
827647	5710	6	[43, 47, 60, 40, 41, 29]
959835	5710	10	[44, 45, 25, 48, 112, 88, 41, 42, 30, 31]
865212	5710	9	[46, 26, 64, 50, 70, 89, 43, 43, 32]
618743	5710	3	[47, 150, 151]
621250	5710	6	[48, 43, 91, 152, 33, 17]
165409	5710	1	[49]
553912	5710	9	[50, 51, 66, 67, 114, 115, 45, 163, 164]
188437	5710	5	[52, 68, 116, 46, 92]
12071	5710	9	[53, 28, 68, 52, 118, 96, 45, 46, 35]
997768	5710	1	[54]
521801	2037	5	[4, 58, 22, 102, 19]
905775	5710	3	[56, 72, 180]
102989	5710	3	[57, 58, 104]
478958	5710	11	[59, 73, 74, 62, 131, 78, 51, 106, 184, 32, 40]
271870	5710	1	[62]
463600	5710	2	[63, 83]
867939	5710	7	[65, 72, 73, 88, 60, 119, 44]
420220	5710	1	[66]
244216	5710	5	[67, 85, 147, 90, 37]
722586	5710	2	[68, 93]
510293	5710	2	[69, 58]
485430	5710	1	[71]
669322	5710	6	[73, 74, 45, 165, 166, 125]
709625	5710	2	[76, 172]
501422	5710	13	[77, 78, 49, 50, 95, 86, 173, 174, 102, 131, 132, 61, 62]
862608	5710	1	[79]
145605	5710	1	[80]
271238	5710	10	[81, 51, 97, 98, 108, 68, 234, 235, 41, 42]
789349	5710	4	[82, 236, 237, 66]
465579	5710	1	[83]
314702	5710	3	[84, 63, 54]
779543	5710	1	[85]
313016	5710	8	[86, 106, 185, 113, 146, 246, 69, 29]
916200	5710	4	[87, 97, 190, 74]
904288	5710	1	[89]
758997	5710	4	[90, 65, 209, 156]
119367	5710	1	[91]
101471	5710	1	[92]
718855	5710	1	[93]
978255	5710	9	[94, 213, 214, 215, 120, 157, 158, 280, 55]
33849	5710	1	[95]
74986	5710	1	[96]
562417	5710	1	[97]
925953	5710	8	[98, 68, 118, 119, 219, 121, 283, 284]
179525	5710	4	[100, 124, 225, 290]
725250	5710	5	[101, 70, 125, 165, 166]
939944	5710	1	[104]
346827	5710	1	[105]
886466	5710	2	[106, 257]
751271	5710	2	[107, 334]
363915	5710	1	[109]
102658	5710	4	[110, 126, 120, 93]
634927	5710	2	[111, 128]
376574	5710	1	[112]
779746	5710	1	[113]
389950	5710	1	[114]
410439	5710	1	[115]
630957	5710	1	[116]
693298	5710	2	[117, 132]
663099	5710	2	[118, 200]
853565	5710	3	[119, 145, 202]
231976	5710	8	[120, 158, 135, 291, 205, 98, 120, 74]
216490	5710	6	[121, 137, 296, 152, 153, 128]
210900	5710	1	[122]
900737	5710	1	[124]
757590	5710	2	[125, 126]
457206	5710	2	[128, 385]
147346	5710	1	[129]
749169	5710	9	[130, 92, 173, 148, 315, 169, 396, 397, 80]
879109	5710	3	[131, 407, 84]
693237	5710	2	[133, 158]
978245	5710	3	[135, 423, 87]
437176	5710	1	[136]
266568	5710	4	[137, 158, 161, 93]
986006	5710	3	[138, 160, 435]
982606	5710	1	[139]
738468	5710	5	[141, 197, 339, 445, 446]
129425	5710	1	[142]
751885	5710	11	[144, 182, 183, 350, 195, 116, 261, 471, 180, 100, 49]
610209	5710	14	[145, 112, 214, 187, 193, 355, 204, 119, 269, 481, 92, 131, 182, 104]
270366	5710	4	[147, 215, 356, 487]
106341	5710	8	[148, 216, 190, 205, 124, 273, 185, 107]
795591	5710	6	[152, 153, 198, 279, 137, 138]
369631	5710	1	[154]
546938	5710	1	[155]
114384	5710	16	[156, 157, 226, 199, 200, 368, 369, 213, 130, 282, 283, 498, 499, 140, 191, 111]
240703	5710	1	[158]
492398	5710	4	[162, 235, 203, 142]
96822	5710	1	[163]
875407	5710	2	[164, 204]
428687	5710	4	[165, 391, 392, 194]
423602	5710	1	[166]
637834	5710	2	[167, 528]
312320	5710	1	[168]
865661	5710	2	[169, 54]
61989	5710	1	[171]
15461	5710	1	[172]
883780	5710	3	[173, 202, 115]
825551	5710	1	[174]
744909	5710	1	[175]
671725	5710	1	[176]
338850	5710	1	[177]
797024	5710	1	[178]
67146	5710	6	[179, 126, 403, 143, 109, 207]
983045	5710	1	[180]
41290	5710	3	[181, 256, 60]
183913	5710	9	[185, 236, 425, 156, 337, 338, 213, 214, 120]
177039	5710	5	[187, 278, 279, 255, 64]
687724	5710	1	[188]
542082	5710	1	[189]
133863	5710	1	[190]
380959	5710	1	[191]
61433	5710	1	[192]
915137	5710	1	[193]
205992	5710	1	[194]
782738	5710	1	[195]
324985	5710	5	[196, 460, 263, 224, 66]
828466	5710	4	[197, 259, 124, 171]
225982	5710	1	[198]
323469	5710	1	[199]
962773	5710	1	[200]
817194	5710	1	[201]
250982	5710	1	[202]
195002	5710	4	[204, 266, 175, 377]
155390	5710	1	[205]
699386	5710	1	[206]
2500	5710	14	[207, 148, 307, 268, 482, 483, 272, 273, 274, 177, 381, 669, 179, 180]
102985	5710	1	[208]
467839	5710	8	[209, 210, 308, 269, 178, 383, 672, 181]
622233	5710	1	[211]
682883	5710	1	[212]
604566	5710	2	[213, 485]
110376	5710	1	[214]
814028	5710	1	[215]
286395	5710	1	[216]
696927	5710	2	[217, 185]
614272	5710	4	[218, 492, 693, 77]
590505	5710	1	[219]
288456	5710	1	[220]
345785	5710	1	[221]
995834	5710	1	[222]
267825	5710	1	[223]
581085	5710	2	[224, 283]
175192	5710	1	[225]
761886	5710	9	[227, 228, 322, 286, 282, 409, 706, 135, 237]
937604	5710	1	[229]
658377	5710	1	[231]
320107	5710	1	[232]
299933	5710	2	[233, 417]
892207	5710	1	[234]
726700	5710	1	[235]
496803	5710	12	[236, 159, 328, 290, 519, 520, 298, 194, 420, 137, 194, 80]
499311	5710	4	[237, 521, 195, 421]
736935	5710	3	[238, 291, 241]
609127	5710	2	[239, 299]
727459	5710	7	[240, 293, 528, 529, 425, 733, 734]
49019	5710	3	[241, 334, 294]
863410	5710	8	[242, 161, 335, 336, 295, 537, 198, 426]
438208	5710	2	[244, 541]
151221	5710	1	[245]
84621	5710	3	[246, 247, 203]
138056	5710	1	[248]
381524	5710	1	[249]
694533	5710	7	[250, 355, 555, 209, 779, 145, 252]
700780	5710	6	[255, 570, 214, 459, 150, 164]
621764	5710	1	[258]
332332	5710	1	[259]
391527	5710	3	[261, 813, 814]
34504	5710	8	[262, 180, 390, 320, 483, 828, 215, 168]
913734	5710	2	[263, 334]
83464	5710	2	[265, 836]
374912	5710	6	[266, 402, 329, 638, 340, 494]
848347	5710	1	[267]
433231	5710	2	[269, 412]
614173	5710	9	[270, 334, 661, 507, 508, 853, 854, 230, 175]
237873	5710	1	[274]
705596	5710	1	[275]
340956	5710	5	[277, 697, 698, 545, 172]
253232	5710	2	[278, 355]
19705	5710	1	[279]
220734	5710	8	[280, 441, 701, 702, 551, 897, 898, 242]
597526	5710	1	[281]
319763	5710	7	[282, 283, 284, 197, 198, 704, 903]
842925	5710	1	[285]
460274	5710	1	[286]
703878	5710	1	[287]
929215	5710	1	[289]
859544	5710	1	[290]
676112	5710	5	[291, 448, 709, 377, 908]
940843	5710	3	[292, 911, 191]
63369	5710	1	[293]
605214	5710	1	[294]
369278	5710	1	[295]
371532	5710	9	[296, 715, 245, 561, 918, 249, 288, 100, 101]
954717	5710	1	[297]
399674	5710	5	[298, 456, 717, 251, 102]
959925	5710	3	[299, 723, 250]
768292	5710	1	[300]
169266	5710	7	[301, 371, 724, 573, 936, 937, 198]
449978	5710	1	[302]
240732	5710	1	[303]
858023	5710	11	[304, 305, 464, 465, 732, 733, 253, 254, 585, 948, 949]
375642	5710	3	[306, 378, 387]
268316	5710	8	[307, 379, 390, 255, 586, 950, 177, 296]
920811	5710	1	[308]
257158	5710	1	[309]
473088	5710	3	[310, 740, 397]
862758	5710	1	[312]
599372	5710	1	[313]
271421	5710	1	[314]
631229	5710	1	[315]
654217	5710	1	[316]
900676	5710	4	[317, 399, 256, 590]
638212	5710	1	[318]
845358	5710	5	[320, 471, 750, 751, 264]
130350	5710	1	[321]
422568	5710	3	[322, 596, 266]
394299	5710	2	[323, 268]
845405	5710	1	[324]
920117	5710	3	[325, 265, 179]
625264	5710	1	[326]
227869	5710	6	[328, 493, 773, 414, 614, 206]
364375	5710	3	[329, 494, 994]
836028	5710	4	[330, 398, 774, 616]
454151	5710	5	[332, 333, 418, 307, 308]
109065	5710	2	[334, 622]
725251	5710	2	[335, 624]
759619	5710	1	[336]
929661	5710	1	[337]
540720	5710	2	[339, 791]
244325	5710	1	[341]
958378	5710	5	[343, 533, 432, 324, 325]
457088	5710	1	[344]
537074	5710	1	[345]
150215	5710	4	[346, 534, 433, 326]
132144	5710	1	[347]
780473	5710	1	[348]
78520	5710	6	[350, 537, 427, 277, 647, 285]
601797	5710	1	[351]
316926	5710	1	[352]
432688	5710	6	[353, 281, 652, 287, 329, 218]
983848	5710	1	[354]
947320	5710	2	[355, 546]
112065	5710	3	[356, 809, 810]
889355	5710	1	[358]
591376	5710	6	[359, 233, 553, 435, 814, 221]
878221	5710	3	[361, 285, 660]
59925	5710	10	[362, 557, 437, 453, 822, 439, 287, 1042, 290, 333]
685947	5710	10	[363, 438, 825, 440, 441, 288, 1044, 292, 293, 334]
964104	5710	1	[365]
338317	5710	1	[366]
613147	5710	1	[367]
364321	5710	2	[368, 444]
48451	5710	1	[370]
302578	5710	7	[371, 238, 839, 840, 1057, 198, 226]
151036	5710	1	[372]
130955	5710	1	[373]
302421	5710	7	[374, 465, 843, 673, 1063, 227, 118]
271184	5710	8	[375, 376, 448, 449, 450, 451, 340, 341]
382678	5710	12	[378, 575, 451, 469, 846, 847, 454, 298, 678, 1067, 344, 228]
400466	5710	1	[379]
909537	5710	1	[380]
260259	5710	12	[381, 579, 580, 456, 848, 849, 850, 458, 681, 1072, 1073, 1074]
130604	5710	1	[382]
17239	5710	10	[383, 581, 457, 477, 459, 301, 682, 1076, 1077, 301]
844168	5710	1	[384]
60001	5710	1	[385]
554172	5710	1	[386]
710193	5710	5	[388, 588, 854, 688, 1082]
393667	5710	1	[389]
938718	2037	7	[1, 9, 1, 1, 5, 6, 0]
16748	2037	2	[2, 14]
903037	2037	3	[7, 22, 30]
310480	2037	1	[9]
266631	2037	1	[10]
387856	2037	4	[12, 67, 47, 10]
513334	2037	5	[14, 70, 77, 11, 11]
709828	2037	1	[15]
916184	2037	1	[16]
134229	2037	1	[20]
368311	2037	1	[22]
342565	2037	3	[23, 144, 39]
291214	2037	1	[24]
866324	2037	3	[27, 71, 93]
25698	2037	1	[30]
162771	2037	1	[31]
623141	2037	1	[32]
767087	2037	1	[33]
2065	2037	1	[36]
931299	2037	1	[37]
581628	2037	1	[38]
334892	2037	2	[41, 200]
563902	2037	2	[42, 87]
327789	2037	4	[48, 67, 130, 60]
552469	2037	4	[53, 183, 68, 28]
561245	2037	1	[54]
590054	2037	6	[55, 186, 187, 188, 189, 55]
27182	2037	3	[56, 94, 114]
317976	2037	2	[57, 94]
928247	2037	1	[59]
782035	2037	1	[60]
702831	2037	5	[61, 114, 101, 207, 208]
646242	2037	2	[62, 63]
762788	2037	3	[64, 267, 76]
22288	2037	3	[66, 159, 77]
598690	2037	1	[67]
301519	2037	1	[71]
383539	2037	1	[73]
521132	2037	5	[74, 129, 128, 129, 82]
151644	2037	1	[75]
406728	2037	9	[76, 143, 258, 259, 260, 138, 185, 335, 98]
761964	2037	2	[78, 186]
707761	2037	2	[79, 105]
72564	2037	1	[80]
949304	2037	1	[81]
835013	2037	1	[83]
905187	2037	1	[84]
307941	2037	7	[85, 134, 158, 94, 100, 129, 41]
956791	2037	1	[87]
803598	2037	3	[88, 89, 218]
507273	2037	1	[90]
987884	2037	2	[91, 392]
351625	2037	3	[93, 142, 316]
521410	2037	1	[94]
702657	2037	1	[95]
197000	2037	1	[98]
644791	2037	1	[99]
318551	2037	1	[100]
419088	2037	2	[103, 173]
861561	2037	3	[104, 105, 341]
328440	2037	7	[106, 208, 176, 191, 192, 467, 468]
521333	2037	2	[107, 125]
147453	2037	1	[108]
906650	2037	10	[109, 110, 210, 211, 351, 198, 117, 262, 127, 101]
709817	2037	3	[111, 475, 91]
172931	2037	2	[116, 276]
206307	2037	1	[117]
558658	2037	2	[119, 518]
416052	2037	5	[120, 121, 223, 224, 113]
962205	2037	5	[123, 251, 213, 397, 551]
271640	2037	1	[124]
836816	2037	2	[125, 222]
849020	2037	2	[127, 576]
226308	2037	6	[128, 225, 226, 407, 577, 578]
931025	2037	4	[129, 265, 410, 240]
974480	2037	7	[133, 233, 230, 243, 327, 594, 151]
457702	2037	4	[134, 414, 415, 244]
565787	2037	1	[138]
408214	2037	1	[139]
27894	2037	3	[140, 453, 162]
991388	2037	2	[141, 632]
564714	2037	1	[143]
42732	2037	4	[144, 304, 264, 656]
581929	2037	2	[145, 71]
992783	2037	1	[146]
125293	2037	1	[149]
299491	2037	1	[150]
862588	2037	1	[151]
302201	2037	1	[156]
856693	2037	2	[157, 513]
916724	2037	1	[158]
106674	2037	1	[160]
508109	2037	4	[163, 350, 552, 312]
526826	2037	2	[168, 320]
856932	2037	2	[169, 566]
439200	2037	5	[172, 374, 575, 576, 256]
268138	2037	1	[176]
96422	2037	1	[177]
962464	2037	1	[179]
720554	2037	1	[182]
273639	2037	8	[183, 409, 650, 651, 652, 344, 501, 502]
567787	2037	1	[187]
604973	2037	2	[188, 189]
480196	2037	1	[192]
57357	2037	2	[193, 695]
15791	2037	3	[196, 188, 97]
885368	2037	12	[200, 451, 367, 711, 712, 559, 917, 246, 31, 285, 286, 192]
499245	2037	2	[201, 194]
185587	2037	3	[202, 381, 247]
766702	2037	1	[203]
745217	2037	4	[205, 388, 737, 201]
194338	2037	1	[206]
679581	2037	2	[208, 594]
107855	2037	1	[209]
323854	2037	1	[210]
143131	2037	5	[211, 597, 965, 966, 967]
589624	2037	1	[212]
813710	2037	1	[213]
107835	2037	4	[214, 482, 483, 762]
178093	2037	3	[216, 608, 271]
797826	2037	1	[219]
601991	2037	6	[220, 508, 408, 423, 1004, 277]
696825	2037	2	[222, 223]
169635	2037	2	[224, 795]
830978	2037	1	[228]
450938	2037	2	[229, 230]
625763	2037	1	[231]
890574	2037	3	[232, 552, 813]
219878	2037	1	[235]
99845	2037	1	[239]
66073	6037	1	[1]
493067	6037	7	[2, 1, 14, 2, 4, 8, 1]
125752	6037	1	[3]
961597	6037	1	[5]
250402	6037	1	[6]
153448	6037	3	[7, 34, 35]
381637	6037	4	[9, 10, 11, 43]
336194	6037	1	[12]
506855	6037	1	[13]
737792	6037	1	[14]
748097	6037	1	[15]
317751	6037	1	[18]
66965	6037	3	[19, 11, 21]
458016	6037	4	[20, 19, 55, 9]
707674	6037	2	[21, 59]
191149	6037	1	[23]
661914	6037	1	[24]
580177	6037	3	[25, 64, 30]
151148	6037	10	[26, 26, 20, 72, 39, 85, 13, 12, 13, 12]
811899	6037	2	[27, 28]
763412	6037	2	[29, 25]
474294	6037	1	[31]
771673	6037	3	[32, 27, 94]
145061	6037	3	[33, 45, 29]
51356	6037	4	[34, 28, 81, 96]
474994	6037	3	[35, 97, 24]
655167	6037	1	[36]
117483	6037	11	[38, 32, 83, 84, 33, 34, 57, 58, 103, 27, 31]
641368	6037	1	[39]
942087	6037	1	[40]
364136	6037	2	[41, 59]
879434	6037	2	[43, 63]
842447	6037	1	[44]
147143	6037	1	[45]
463518	6037	1	[46]
211101	6037	1	[47]
384234	6037	1	[49]
790691	6037	1	[50]
872239	6037	2	[51, 38]
144925	6037	3	[55, 104, 79]
717905	6037	6	[56, 52, 105, 62, 39, 37]
465971	6037	10	[57, 53, 54, 106, 107, 63, 80, 129, 130, 40]
38434	6037	5	[60, 61, 41, 26, 27]
379987	6037	2	[62, 111]
334393	6037	2	[63, 69]
516045	6037	1	[65]
100456	6037	1	[66]
621666	6037	1	[67]
549827	6037	7	[70, 76, 103, 176, 177, 48, 50]
170174	6037	1	[77]
664440	6037	6	[78, 135, 54, 112, 189, 52]
387783	6037	4	[79, 80, 56, 35]
603242	6037	3	[82, 71, 198]
512398	6037	1	[83]
701017	6037	5	[84, 145, 146, 120, 45]
375486	6037	1	[86]
662500	6037	3	[88, 152, 153]
114026	6037	2	[90, 97]
785974	6037	2	[92, 63]
34323	6037	1	[93]
142306	6037	9	[96, 86, 177, 178, 106, 134, 228, 51, 27]
322324	6037	3	[99, 69, 65]
430850	6037	3	[100, 88, 89]
602324	6037	1	[101]
330175	6037	1	[102]
726748	6037	4	[104, 112, 141, 142]
168167	6037	1	[105]
436910	6037	1	[107]
304000	6037	1	[108]
106460	6037	1	[110]
451051	6037	3	[111, 201, 202]
185626	6037	4	[112, 117, 118, 73]
76588	6037	3	[113, 77, 265]
478678	6037	1	[115]
191803	6037	1	[116]
266463	6037	3	[117, 78, 271]
230121	6037	2	[121, 123]
892504	6037	1	[122]
206255	6037	5	[126, 108, 294, 295, 296]
562385	6037	2	[130, 80]
779553	6037	1	[131]
814141	6037	2	[132, 117]
589729	6037	7	[133, 134, 121, 118, 135, 136, 181]
627719	6037	2	[135, 182]
877691	6037	3	[136, 250, 251]
834475	6037	8	[137, 138, 139, 82, 83, 66, 67, 68]
1017	6037	5	[140, 141, 142, 84, 70]
196748	6037	3	[144, 127, 261]
282838	6037	1	[145]
617428	6037	4	[146, 270, 271, 188]
850901	6037	3	[147, 272, 88]
536170	6037	1	[149]
58764	6037	4	[150, 279, 141, 355]
35614	6037	2	[151, 358]
42924	6037	2	[152, 142]
105365	6037	2	[154, 286]
978072	6037	1	[155]
602533	6037	1	[156]
102573	6037	2	[157, 148]
723475	6037	1	[159]
429318	6037	1	[160]
788199	6037	2	[162, 156]
237031	6037	1	[163]
587252	6037	1	[165]
992626	6037	1	[166]
636066	6037	1	[167]
279188	6037	3	[168, 106, 141]
552106	6037	2	[169, 102]
538535	6037	1	[170]
907645	6037	4	[171, 146, 306, 387]
893157	6037	2	[172, 388]
224273	6037	4	[174, 175, 224, 400]
970309	6037	1	[176]
69875	6037	8	[177, 150, 143, 319, 228, 405, 86, 43]
759664	6037	2	[178, 149]
318098	6037	5	[179, 106, 230, 409, 109]
633427	6037	1	[181]
966977	6037	4	[182, 236, 418, 111]
350043	6037	1	[184]
165337	6037	5	[185, 176, 425, 426, 159]
677957	6037	1	[187]
195223	6037	3	[189, 336, 433]
853949	6037	2	[192, 164]
772793	6037	2	[193, 165]
691795	6037	2	[194, 167]
35546	6037	2	[195, 168]
92726	6037	2	[196, 111]
853363	6037	1	[198]
938227	6037	2	[200, 453]
513952	6037	3	[201, 169, 171]
644788	6037	4	[202, 203, 170, 254]
169182	6037	3	[205, 206, 463]
623692	6037	2	[207, 178]
146207	6037	1	[209]
611162	6037	1	[212]
703316	6037	2	[213, 266]
648743	6037	3	[220, 196, 190]
845943	6037	2	[221, 494]
977894	6037	2	[222, 361]
173408	6037	1	[223]
68995	6037	2	[225, 496]
642583	6037	1	[227]
307188	6037	1	[228]
846560	6037	2	[230, 505]
751279	6037	1	[231]
465850	6037	1	[232]
163915	6037	5	[234, 219, 135, 292, 193]
734633	6037	2	[236, 136]
451729	6037	2	[237, 203]
36553	6037	1	[239]
530125	6037	1	[240]
218678	6037	1	[241]
502832	6037	1	[243]
440223	6037	1	[244]
338960	6037	5	[245, 211, 228, 305, 200]
935711	6037	5	[246, 538, 539, 540, 149]
909708	6037	1	[247]
381591	6037	2	[248, 212]
98539	6037	1	[249]
120050	6037	1	[250]
12464	6037	2	[252, 142]
240838	6037	2	[253, 219]
849167	6037	7	[254, 221, 218, 219, 400, 315, 560]
70405	6037	1	[255]
465758	6037	1	[257]
844767	6037	2	[258, 570]
346969	6037	1	[259]
889068	6037	1	[260]
622346	6037	1	[261]
475377	6037	6	[262, 226, 238, 321, 573, 574]
417086	6037	2	[263, 575]
327208	6037	1	[264]
887714	6037	2	[267, 210]
175987	6037	2	[270, 271]
387699	6037	1	[272]
267286	6037	8	[274, 235, 233, 234, 424, 335, 156, 212]
248534	6037	4	[276, 341, 158, 122]
150266	6037	1	[277]
571345	6037	1	[280]
878320	6037	1	[281]
947272	6037	5	[283, 159, 350, 615, 220]
190854	6037	8	[284, 285, 247, 443, 444, 445, 257, 619]
564209	6037	2	[287, 221]
647026	6037	4	[288, 164, 168, 223]
272967	6037	2	[289, 456]
638480	6037	2	[290, 165]
902550	6037	2	[293, 641]
737420	6037	5	[294, 464, 465, 642, 19]
976603	6037	3	[295, 468, 168]
384353	6037	1	[296]
826933	6037	4	[297, 469, 363, 644]
185948	6037	5	[298, 258, 470, 265, 647]
593270	6037	2	[299, 169]
41591	6037	1	[300]
31958	6037	4	[301, 260, 366, 651]
826769	6037	4	[302, 262, 369, 225]
898546	6037	1	[303]
883675	6037	1	[305]
289263	6037	1	[309]
76992	6037	2	[310, 493]
199228	6037	1	[311]
397098	6037	1	[313]
64643	6037	3	[314, 286, 189]
782267	6037	2	[315, 279]
9948	6037	1	[316]
523758	6037	2	[317, 499]
305537	6037	1	[318]
232931	6037	1	[319]
993558	6037	1	[320]
535635	6037	4	[321, 289, 236, 139]
46753	6037	1	[323]
69106	6037	3	[324, 411, 708]
295447	6037	1	[325]
220509	6037	3	[326, 284, 514]
593990	6037	1	[327]
541082	6037	1	[329]
106122	6037	1	[331]
642686	6037	5	[332, 294, 530, 531, 735]
772304	6037	2	[333, 533]
225433	6037	1	[339]
177496	6037	1	[340]
685203	6037	1	[341]
243559	6037	8	[342, 546, 547, 548, 749, 750, 197, 245]
303957	6037	2	[343, 437]
33774	6037	1	[344]
211737	6037	3	[345, 346, 153]
91698	6037	1	[347]
204526	6037	3	[348, 445, 763]
171861	6037	1	[349]
687998	6037	1	[351]
858798	6037	2	[352, 773]
86961	6037	4	[353, 354, 450, 778]
229527	6037	1	[360]
671549	6037	1	[361]
938753	6037	1	[362]
160758	6037	1	[365]
144909	6037	4	[367, 309, 213, 794]
19648	6037	1	[368]
13989	6037	1	[369]
264466	6037	3	[370, 458, 799]
555929	6037	1	[371]
400230	6037	3	[372, 573, 461]
466046	6037	1	[373]
291972	6037	5	[375, 325, 462, 803, 804]
704674	6037	2	[376, 580]
576373	6037	9	[378, 591, 592, 593, 594, 595, 811, 812, 209]
381489	6037	3	[379, 600, 601]
23795	6037	1	[382]
969285	6037	3	[383, 603, 820]
116035	6037	3	[384, 314, 604]
860221	6037	5	[385, 315, 605, 606, 259]
718839	6037	2	[386, 824]
983311	6037	4	[387, 222, 213, 260]
278585	6037	2	[388, 331]
670633	6037	4	[389, 610, 332, 261]
989962	6037	6	[391, 615, 616, 617, 618, 158]
841057	6037	1	[393]
251262	6037	3	[394, 625, 626]
525104	6037	3	[395, 327, 627]
89223	6037	5	[396, 397, 630, 228, 488]
971934	6037	1	[398]
697414	6037	1	[399]
468643	6037	1	[400]
55478	6037	3	[401, 328, 839]
992754	6037	3	[403, 404, 173]
582634	6037	4	[405, 641, 845, 846]
572913	6037	2	[406, 847]
650086	6037	2	[407, 231]
520550	6037	4	[408, 647, 648, 499]
710337	6037	1	[411]
19861	6037	5	[413, 333, 233, 852, 163]
728281	6037	1	[414]
77389	6037	1	[415]
949341	6037	1	[418]
214443	6037	2	[419, 233]
497106	6037	2	[420, 864]
22750	6037	1	[421]
668659	6037	1	[422]
124061	6037	1	[423]
653552	6037	1	[425]
999771	6037	1	[426]
91203	6037	1	[427]
320603	6037	3	[429, 347, 537]
368273	6037	1	[430]
900078	6037	8	[431, 432, 348, 688, 689, 690, 185, 94]
658285	6037	8	[433, 349, 360, 691, 692, 540, 887, 888]
88643	6037	1	[435]
166128	6037	1	[437]
399884	6037	1	[438]
182135	6037	1	[439]
744775	6037	1	[440]
795832	6037	1	[442]
852716	6037	2	[443, 444]
804080	6037	4	[445, 364, 374, 189]
437271	6037	1	[447]
480856	6037	1	[449]
509414	6037	1	[450]
974013	6037	1	[452]
63845	6037	1	[453]
835917	6037	2	[454, 289]
192027	6037	1	[455]
297677	6037	1	[457]
240729	6037	1	[458]
460317	6037	2	[459, 292]
741130	6037	4	[460, 373, 382, 254]
300831	6037	1	[461]
471829	6037	1	[462]
96147	6037	6	[463, 584, 946, 947, 175, 295]
446253	6037	2	[467, 392]
624702	6037	4	[468, 394, 395, 952]
20620	6037	2	[469, 382]
687167	6037	3	[472, 402, 592]
394286	6037	6	[473, 384, 403, 262, 593, 960]
191020	6037	1	[474]
900424	6037	1	[475]
190463	6037	1	[476]
664939	6037	2	[477, 106]
938878	6037	1	[478]
359186	6037	2	[479, 968]
452575	6037	2	[481, 389]
380535	6037	10	[484, 390, 763, 764, 408, 409, 605, 977, 978, 979]
452135	6037	2	[486, 606]
562843	6037	1	[487]
414659	6037	1	[489]
307660	6037	2	[490, 769]
909856	6037	1	[491]
934339	6037	1	[496]
2855	6037	1	[497]
402730	6037	1	[498]
786267	6037	3	[499, 419, 997]
876111	6037	2	[500, 621]
960608	6037	3	[501, 502, 998]
28017	6037	3	[503, 504, 505]
702947	6037	2	[509, 1005]
125142	6037	4	[510, 786, 271, 1006]
420498	6037	2	[511, 427]
6052	6037	1	[512]
952724	6037	1	[513]
400304	6037	2	[514, 415]
157168	6037	3	[516, 788, 636]
23531	6037	2	[517, 1012]
158843	6037	1	[518]
851119	6037	1	[519]
624795	6037	1	[520]
341106	6037	1	[521]
249235	6037	1	[523]
33995	6037	1	[524]
785273	6037	1	[525]
804294	6037	1	[526]
400139	6037	1	[527]
466658	6037	1	[528]
190025	6037	3	[530, 531, 435]
242126	6037	5	[532, 436, 437, 431, 1018]
59043	6037	2	[539, 444]
980131	6037	3	[540, 541, 803]
173970	6037	1	[542]
637722	6037	1	[543]
269041	6037	1	[544]
606114	6037	1	[545]
581544	6037	2	[547, 432]
874727	6037	1	[550]
719086	6037	1	[551]
703390	6037	1	[554]
394070	6037	1	[555]
654035	6037	1	[556]
492360	6037	1	[558]
743681	6037	6	[561, 829, 830, 831, 1048, 1049]
988914	6037	8	[562, 563, 564, 565, 290, 291, 194, 195]
441474	6037	1	[566]
144496	6037	1	[568]
810492	6037	2	[570, 1061]
708314	6037	1	[571]
985567	6037	1	[572]
390172	6037	3	[573, 574, 453]
586740	6037	4	[576, 452, 455, 1068]
381772	6037	3	[577, 453, 1069]
406311	6037	1	[578]
12881	6037	1	[582]
934860	6037	3	[584, 460, 481]
297237	6037	1	[585]
74140	6037	2	[586, 232]
621577	6037	2	[587, 852]
753536	6037	3	[589, 465, 303]
39077	6037	1	[590]
584380	6037	1	[591]
247003	6037	1	[592]
126867	6630	1	[2]
972832	6630	1	[3]
519755	6630	3	[4, 3, 2]
781043	6630	2	[6, 13]
521321	6630	2	[7, 2]
561153	6630	1	[8]
688208	6630	1	[9]
792875	6630	1	[10]
228411	6630	1	[11]
72378	6630	2	[12, 9]
529057	6630	1	[13]
906663	6630	1	[14]
993358	6630	1	[16]
946356	6630	1	[21]
392823	6630	1	[22]
567506	6630	3	[23, 66, 76]
477598	6630	3	[24, 78, 25]
846768	6630	2	[25, 18]
17706	6630	1	[27]
586785	6630	2	[28, 91]
876189	6630	1	[29]
115992	6630	2	[30, 52]
647074	6630	1	[33]
926330	6630	1	[35]
496627	6630	1	[37]
846349	6630	6	[38, 52, 53, 111, 112, 20]
725754	6630	2	[39, 34]
600199	6630	4	[40, 67, 116, 25]
138657	6630	5	[41, 102, 71, 126, 33]
625428	6630	1	[43]
54448	6630	1	[44]
417228	6630	1	[45]
444395	6630	2	[46, 58]
802775	6630	1	[49]
811012	6630	1	[51]
582210	6630	4	[55, 123, 101, 170]
597380	6630	1	[56]
735985	6630	1	[57]
65660	6630	1	[59]
529568	6630	1	[60]
227744	6630	3	[61, 129, 77]
577992	6630	6	[63, 71, 132, 79, 107, 51]
352446	6630	1	[65]
555075	6630	2	[66, 42]
152337	6630	1	[68]
225937	6630	1	[70]
513917	6630	1	[74]
37643	6630	1	[75]
257998	6630	1	[76]
431790	6630	1	[77]
658766	6630	1	[78]
591024	6630	1	[79]
887767	6630	1	[80]
665501	6630	2	[81, 156]
552851	6630	1	[83]
603347	6630	1	[87]
948348	6630	1	[90]
329738	6630	5	[91, 109, 70, 240, 241]
496027	6630	1	[92]
945327	6630	1	[93]
194140	6630	2	[95, 71]
924344	6630	1	[96]
529012	6630	1	[99]
132805	6630	1	[100]
365052	6630	1	[102]
488252	6630	1	[103]
977831	6630	1	[104]
988889	6630	4	[105, 276, 277, 34]
290803	6630	1	[107]
49676	6630	1	[111]
855507	6630	4	[113, 114, 242, 84]
822003	6630	3	[115, 114, 310]
659199	6630	1	[116]
767474	6630	1	[117]
983392	6630	1	[118]
826867	6630	3	[119, 316, 67]
426503	6630	3	[120, 248, 134]
462072	6630	1	[122]
896099	6630	1	[123]
724452	6630	2	[124, 137]
300973	6630	1	[129]
972938	6630	1	[131]
286584	6630	1	[134]
918315	6630	1	[136]
917402	6630	3	[138, 154, 210]
140708	6630	1	[139]
381643	6630	3	[140, 160, 132]
886213	6630	3	[141, 97, 133]
689447	6630	1	[143]
416849	6630	4	[144, 99, 382, 104]
580963	6630	1	[145]
554542	6630	3	[147, 141, 314]
137651	6630	2	[149, 170]
567978	6630	1	[151]
711681	6630	1	[153]
509375	6630	8	[154, 328, 177, 241, 427, 113, 160, 91]
278461	6630	1	[155]
586544	6630	1	[156]
457117	6630	1	[157]
659331	6630	1	[159]
227384	6630	1	[161]
30558	6630	1	[162]
38542	6630	2	[164, 444]
156695	6630	1	[165]
289680	6630	1	[166]
72897	6630	5	[167, 184, 250, 450, 95]
336828	6630	1	[168]
303077	6630	1	[171]
247798	6630	1	[172]
985048	6630	1	[173]
62209	6630	1	[174]
468019	6630	1	[175]
725946	6630	1	[176]
388948	6630	2	[177, 173]
190329	6630	1	[179]
720746	6630	2	[180, 178]
461481	6630	3	[181, 179, 260]
770125	6630	4	[183, 188, 474, 128]
70535	6630	3	[184, 476, 477]
719936	6630	1	[185]
8897	6630	1	[186]
148351	6630	2	[188, 93]
837041	6630	1	[189]
229728	6630	1	[193]
226940	6630	1	[194]
966544	6630	1	[195]
899644	6630	1	[197]
796416	6630	5	[202, 217, 133, 287, 507]
961896	6630	6	[205, 205, 393, 294, 519, 520]
457052	6630	2	[206, 144]
30435	6630	1	[207]
100730	6630	1	[208]
618614	6630	1	[209]
412016	6630	4	[210, 138, 529, 530]
453549	6630	1	[211]
926132	6630	1	[212]
147053	6630	1	[213]
152215	6630	1	[214]
904465	6630	1	[215]
672932	6630	1	[216]
596434	6630	1	[217]
943212	6630	1	[218]
969186	6630	1	[220]
268606	6630	3	[222, 234, 319]
476339	6630	1	[223]
119747	6630	1	[224]
494950	6630	2	[227, 228]
431738	6630	1	[229]
728088	6630	4	[231, 232, 588, 589]
258318	6630	1	[237]
364661	6630	1	[238]
921884	6630	1	[240]
72903	6630	6	[241, 157, 342, 159, 217, 123]
546883	6630	1	[242]
635856	6630	1	[244]
556973	6630	1	[245]
680827	6630	2	[246, 611]
584908	6630	5	[250, 262, 166, 638, 170]
878087	6630	1	[251]
769426	6630	1	[252]
381383	6630	1	[253]
792965	6630	1	[254]
779305	6630	1	[255]
338507	6630	1	[256]
354911	6630	1	[257]
603884	6630	1	[258]
794139	6630	1	[261]
737557	6630	1	[263]
569571	6630	6	[264, 269, 374, 375, 660, 174]
634485	6630	5	[270, 180, 181, 384, 131]
213367	6630	1	[271]
203352	6630	7	[272, 279, 184, 389, 680, 182, 231]
940177	6630	4	[273, 277, 282, 184]
983056	6630	1	[274]
395482	6630	2	[275, 491]
915707	6630	1	[276]
543522	6630	4	[277, 401, 695, 186]
93549	6630	1	[278]
856650	6630	1	[280]
255692	6630	1	[282]
700386	6630	1	[284]
630551	6630	1	[285]
557455	6630	1	[287]
323662	6630	1	[288]
108777	6630	2	[292, 422]
971117	6630	7	[293, 524, 525, 526, 423, 727, 728]
796208	6630	4	[297, 307, 442, 201]
940038	6630	1	[298]
119716	6630	3	[299, 201, 248]
731742	6630	1	[300]
77711	6630	2	[301, 770]
346540	6630	1	[302]
238364	6630	1	[303]
486652	6630	2	[308, 321]
868767	6630	1	[309]
546528	6630	1	[310]
434955	6630	1	[311]
496841	6630	1	[312]
317131	6630	1	[313]
206010	6630	1	[314]
207185	6630	4	[315, 596, 816, 152]
101684	6630	1	[316]
610812	6630	1	[317]
693945	6630	1	[318]
264512	6630	1	[319]
45372	6630	3	[320, 316, 821]
159427	6630	1	[321]
136736	6630	1	[322]
337391	6630	1	[323]
761456	6630	1	[324]
689699	6630	1	[325]
99050	6630	2	[327, 337]
604909	6630	1	[328]
165378	6630	7	[330, 642, 643, 644, 498, 848, 223]
533803	6630	1	[331]
255335	6630	1	[335]
705220	6630	2	[337, 865]
254027	6630	1	[338]
287860	6630	2	[339, 89]
538099	6630	5	[340, 353, 875, 876, 877]
888802	6630	1	[341]
533836	6630	2	[342, 362]
427141	6630	1	[344]
875127	6630	2	[345, 275]
127422	6630	2	[346, 534]
815472	6630	1	[350]
297255	6630	4	[351, 693, 368, 892]
955345	6630	1	[353]
345999	6630	1	[354]
860317	6630	1	[356]
687810	6630	2	[357, 550]
66598	6630	2	[358, 901]
192637	6630	1	[359]
111057	6630	1	[363]
297203	6630	1	[364]
942389	6630	4	[365, 379, 562, 290]
832432	6630	1	[366]
550534	6630	1	[367]
753013	6630	1	[368]
569482	6630	1	[370]
913108	6630	3	[372, 251, 938]
949132	6630	2	[374, 576]
133608	6630	1	[375]
57673	6630	1	[376]
534379	6630	8	[377, 384, 386, 387, 582, 583, 945, 257]
332552	6630	1	[381]
856388	6630	2	[385, 961]
591477	6630	1	[386]
998368	6630	2	[387, 404]
691063	6630	1	[388]
377028	6630	1	[391]
276108	6630	1	[392]
559728	6630	1	[395]
815351	6630	3	[396, 989, 990]
220035	6630	1	[400]
644620	6630	1	[401]
310196	6630	1	[402]
949526	6630	1	[403]
530541	6630	1	[405]
962666	6630	1	[406]
890566	6630	1	[407]
209329	6630	1	[409]
676904	6630	1	[410]
862852	6630	1	[411]
799460	6630	1	[412]
918578	6630	2	[413, 1008]
490431	6630	1	[414]
202831	6630	1	[416]
38785	6630	1	[417]
426536	6630	1	[418]
778094	6630	1	[419]
162654	6630	3	[421, 281, 319]
217550	6630	1	[423]
917285	6630	1	[425]
744239	6630	1	[428]
138051	6630	5	[429, 279, 650, 286, 217]
461652	6630	2	[430, 1031]
654988	6630	3	[431, 1032, 1033]
915708	6630	2	[434, 284]
769542	6630	1	[440]
156483	6630	1	[441]
317506	6630	2	[442, 457]
433435	6630	1	[443]
752228	6630	2	[444, 459]
860575	6630	1	[446]
28670	6630	1	[447]
33567	6630	3	[454, 300, 345]
260538	6630	1	[455]
603702	6630	1	[459]
227145	6630	1	[461]
708876	6630	1	[462]
969334	6630	1	[463]
697516	6630	2	[464, 464]
95191	6630	1	[466]
808553	2782	1	[0]
60899	2782	1	[1]
278953	2782	1	[3]
23481	2782	1	[4]
633201	2782	2	[5, 29]
474732	2782	2	[6, 7]
159754	2782	1	[8]
904290	2782	2	[9, 23]
114553	2782	1	[10]
283838	2782	1	[11]
428636	2782	3	[14, 15, 41]
96628	2782	1	[16]
93215	2782	1	[17]
31063	2782	1	[22]
847299	2782	1	[23]
799406	2782	1	[24]
802199	2782	1	[25]
327608	2782	1	[26]
67899	2782	1	[29]
768631	2782	2	[30, 31]
669943	2782	1	[32]
337133	2782	1	[34]
924587	2782	1	[35]
750797	2782	1	[38]
139542	2782	1	[39]
818294	2782	2	[41, 28]
365561	2782	2	[42, 64]
673565	2782	1	[43]
748274	2782	1	[44]
76173	2782	2	[45, 114]
584739	2782	2	[46, 30]
158753	2782	1	[47]
996769	2782	1	[48]
547251	2782	1	[49]
865434	2782	2	[50, 36]
18616	2782	1	[51]
638984	2782	1	[55]
811867	2782	1	[56]
838942	2782	1	[57]
906201	2782	1	[59]
669265	2782	1	[61]
768441	2782	2	[62, 149]
268940	2782	1	[63]
148044	2782	1	[64]
664908	2782	1	[65]
436369	2782	1	[70]
616015	2782	1	[73]
761227	2782	1	[76]
472777	2782	2	[79, 115]
84886	2782	1	[80]
284277	2782	1	[81]
401003	2782	4	[85, 169, 170, 127]
261742	2782	2	[87, 52]
894817	2782	2	[88, 137]
448052	2782	1	[89]
765219	2782	1	[90]
137098	2782	1	[91]
291100	2782	2	[92, 147]
854327	2782	2	[93, 115]
573086	2782	1	[96]
205347	2782	2	[97, 153]
499122	2782	2	[98, 154]
63140	2782	1	[99]
128268	2782	2	[100, 155]
742130	2782	1	[101]
562110	2782	2	[102, 264]
806615	2782	1	[103]
485514	2782	1	[104]
509256	2782	1	[105]
733831	2782	1	[107]
473011	2782	1	[108]
155889	2782	1	[110]
534239	2782	1	[111]
282436	2782	1	[112]
225797	2782	3	[113, 307, 308]
669197	2782	1	[115]
686547	2782	1	[116]
462393	2782	1	[119]
998997	2782	1	[121]
694768	2782	3	[122, 289, 117]
216280	2782	1	[123]
305634	2782	1	[124]
159117	2782	1	[125]
995577	2782	1	[127]
599245	2782	7	[128, 292, 91, 206, 364, 365, 39]
22684	2782	1	[129]
963702	2782	1	[130]
231340	2782	1	[131]
938799	2782	2	[133, 99]
240434	2782	1	[135]
480952	2782	1	[137]
347404	2782	2	[138, 134]
18813	2782	2	[139, 216]
55911	2782	2	[140, 384]
138615	2782	1	[144]
99154	2782	4	[145, 146, 105, 229]
827477	2782	1	[147]
353928	2782	1	[148]
442750	2782	1	[150]
147062	2782	1	[151]
321396	2782	1	[152]
283468	2782	1	[153]
761599	2782	1	[154]
966313	2782	2	[155, 245]
933550	2782	4	[156, 246, 430, 431]
785564	2782	1	[157]
285319	2782	2	[159, 434]
957426	2782	1	[160]
446867	2782	4	[161, 181, 441, 162]
490262	2782	1	[165]
669459	2782	1	[166]
775139	2782	1	[167]
553838	2782	1	[168]
286801	2782	1	[169]
825895	2782	1	[172]
264439	2782	2	[174, 345]
1245	2782	1	[175]
316818	2782	1	[177]
918865	2782	1	[180]
93749	2782	1	[181]
448496	2782	1	[182]
170508	2782	2	[184, 197]
108762	2782	1	[185]
835945	2782	1	[186]
287483	2782	3	[187, 200, 263]
517438	2782	1	[190]
245112	2782	1	[191]
543928	2782	1	[192]
479923	2782	1	[194]
321018	2782	2	[195, 196]
286039	2782	5	[197, 121, 272, 488, 489]
544785	2782	2	[200, 201]
729471	2782	4	[202, 366, 128, 280]
650047	2782	1	[204]
946452	2782	1	[206]
262877	2782	1	[207]
948761	2782	1	[209]
624479	2782	1	[210]
623274	2782	1	[214]
239971	2782	3	[215, 312, 555]
963316	2782	1	[216]
258090	2782	1	[217]
929791	2782	1	[220]
381221	2782	1	[221]
903923	2782	1	[224]
633756	2782	1	[225]
265507	2782	1	[229]
281676	2782	1	[232]
876842	2782	1	[236]
968791	2782	4	[237, 434, 254, 125]
693335	2782	2	[238, 343]
783171	2782	1	[239]
337041	2782	1	[240]
324363	2782	1	[241]
54355	2782	1	[243]
896050	2782	1	[244]
798227	2782	1	[245]
172853	2782	1	[248]
879917	2782	1	[250]
29764	2782	1	[251]
819307	2782	1	[252]
48547	2782	1	[253]
932764	2782	3	[254, 258, 259]
893832	2782	3	[255, 353, 119]
105429	2782	1	[256]
613300	2782	4	[257, 264, 645, 646]
602326	2782	1	[259]
482515	2782	1	[260]
558190	2782	1	[261]
477220	2782	1	[262]
213962	2782	1	[263]
833531	2782	1	[265]
496709	2782	3	[266, 371, 658]
736450	2782	2	[267, 172]
48731	2782	1	[268]
762362	2782	1	[271]
717807	2782	1	[272]
690143	2782	3	[273, 182, 676]
653626	2782	2	[274, 275]
94062	2782	1	[276]
872765	2782	1	[278]
748185	2782	1	[279]
581950	2782	1	[280]
751837	2782	1	[281]
338308	2782	3	[283, 292, 238]
282386	2782	2	[285, 296]
716665	2782	1	[286]
947348	2782	2	[287, 297]
912671	2782	1	[288]
785137	2782	1	[289]
686735	2782	1	[290]
102159	2782	1	[291]
128665	2782	1	[292]
764480	2782	1	[295]
283056	2782	2	[297, 744]
584506	2782	1	[298]
455935	2782	3	[300, 443, 152]
790325	2782	1	[301]
102712	2782	1	[302]
610268	2782	1	[303]
8967	2782	1	[305]
515309	2782	3	[310, 797, 798]
454893	2782	1	[311]
305625	2782	1	[313]
644193	2782	4	[317, 476, 822, 823]
640791	2782	1	[318]
846353	2782	1	[319]
89057	2782	4	[321, 333, 484, 262]
38028	2782	1	[322]
48281	2782	1	[323]
40663	2782	1	[324]
920836	2782	1	[326]
488795	2782	1	[329]
607819	2782	1	[330]
492937	2782	1	[331]
756974	2782	4	[332, 655, 656, 345]
42733	2782	1	[334]
353865	2782	1	[335]
186771	2782	2	[336, 268]
838509	2782	1	[337]
922271	2782	2	[338, 177]
102540	2782	1	[340]
378095	2782	2	[341, 342]
403922	2782	1	[343]
341103	2782	2	[344, 859]
491586	2782	1	[345]
6799	2782	1	[346]
981829	2782	1	[347]
664157	2782	1	[349]
853955	2782	1	[350]
326037	2782	1	[351]
187618	2782	1	[352]
401006	2782	1	[354]
449303	2782	3	[357, 366, 535]
956253	2782	1	[358]
145944	2782	1	[359]
461639	2782	2	[362, 895]
782783	2782	1	[363]
741975	2782	1	[365]
732782	2782	1	[366]
209506	2782	1	[368]
173907	2782	1	[369]
269690	2782	1	[370]
238840	2782	1	[371]
844802	2782	1	[372]
354369	2782	1	[373]
394989	2782	1	[374]
595287	2782	2	[377, 930]
388150	2782	2	[378, 566]
537077	2782	1	[379]
298074	2782	1	[380]
839418	2782	1	[381]
344240	2782	1	[383]
830524	2782	1	[385]
492221	2782	1	[386]
101800	2782	1	[389]
536261	2782	5	[390, 391, 399, 588, 951]
239078	2782	1	[393]
562611	2782	1	[396]
355541	2782	1	[397]
936383	2782	2	[398, 745]
421298	2782	2	[400, 953]
377104	2782	2	[401, 954]
46539	2782	1	[402]
799419	2782	1	[405]
239822	2782	1	[406]
316047	2782	1	[407]
826250	2782	1	[409]
506734	2782	2	[410, 991]
559255	2782	1	[411]
997980	2782	1	[412]
758456	2782	2	[413, 414]
707536	2782	1	[416]
969588	2782	1	[417]
92128	2782	1	[419]
405321	2782	2	[421, 422]
894948	2782	1	[423]
841329	2782	5	[425, 422, 629, 276, 311]
502221	2782	2	[426, 272]
131274	2782	1	[428]
560345	2782	1	[429]
22583	2782	1	[430]
683749	2782	2	[432, 1014]
657589	2782	1	[433]
434660	2782	1	[438]
137901	2782	1	[441]
538390	2782	1	[442]
66922	2782	1	[443]
251886	2782	1	[445]
934876	2782	2	[446, 331]
66277	2782	1	[447]
899396	2782	1	[448]
574072	2782	1	[449]
584746	2782	1	[450]
860200	2782	1	[452]
837527	2782	1	[455]
478208	2782	1	[456]
886244	2782	1	[458]
746376	2782	3	[461, 448, 295]
726471	2782	1	[462]
280393	2782	1	[463]
721306	2782	1	[464]
788346	2782	1	[466]
476938	2782	1	[467]
281744	2782	1	[470]
461479	2782	1	[471]
493230	2782	1	[472]
684842	2782	1	[473]
792903	2782	1	[474]
706464	2782	3	[475, 456, 457]
570573	2782	1	[476]
729825	2782	2	[478, 1078]
696497	2782	1	[479]
576071	2782	1	[482]
954335	2782	1	[483]
294471	3829	1	[7]
345592	3829	1	[8]
833161	3829	1	[10]
990252	3829	1	[11]
238442	3829	2	[12, 2]
1820	3829	1	[13]
96220	3829	5	[15, 16, 1, 9, 10]
262234	3829	1	[19]
407022	3829	6	[24, 25, 26, 7, 16, 7]
258970	3829	1	[27]
233925	3829	3	[28, 29, 9]
492737	3829	1	[30]
315038	3829	2	[32, 33]
542282	3829	1	[36]
841401	3829	2	[37, 8]
402628	3829	3	[38, 10, 3]
493359	3829	1	[39]
25223	3829	1	[40]
296901	3829	2	[41, 4]
605316	3829	1	[42]
679420	3829	1	[44]
887786	3829	1	[46]
890033	3829	2	[47, 48]
502469	3829	2	[51, 52]
394623	3829	2	[53, 25]
238511	3829	2	[58, 27]
398764	3829	4	[60, 61, 61, 62]
595730	3829	3	[62, 63, 17]
936784	3829	1	[63]
822838	3829	1	[65]
306986	3829	1	[69]
787273	3829	2	[71, 79]
770232	3829	2	[76, 43]
926236	3829	1	[77]
456228	3829	3	[78, 92, 15]
991244	3829	1	[79]
658375	3829	2	[80, 28]
588301	3829	1	[85]
532176	7038	2	[117, 4]
464734	3829	1	[90]
170486	3829	1	[92]
241031	3829	1	[93]
784116	3829	2	[94, 95]
976246	3829	1	[96]
568114	3829	3	[97, 66, 113]
707519	3829	3	[101, 119, 120]
35433	3829	1	[109]
17581	3829	1	[110]
438893	3829	1	[113]
588626	3829	1	[117]
680957	3829	1	[119]
146261	3829	1	[124]
997438	3829	1	[126]
427849	3829	1	[127]
622601	3829	3	[128, 179, 7]
26378	3829	2	[130, 50]
343770	3829	6	[136, 137, 138, 82, 191, 192]
716837	3829	2	[140, 141]
623695	3829	6	[142, 201, 202, 203, 36, 54]
210883	3829	1	[148]
109741	3829	1	[149]
905642	3829	2	[150, 151]
711118	3829	3	[154, 155, 61]
235809	3829	3	[159, 160, 161]
616095	3829	2	[162, 220]
62367	3829	2	[175, 226]
978345	3829	4	[176, 104, 105, 227]
831224	3829	1	[179]
698363	3829	2	[180, 229]
612974	3829	1	[181]
226605	3829	1	[182]
774714	3829	1	[184]
816517	3829	1	[191]
200669	3829	1	[193]
261482	3829	1	[194]
777314	3829	2	[195, 196]
197644	3829	1	[197]
526001	3829	1	[198]
831222	3829	1	[199]
362387	3829	1	[200]
632549	3829	1	[203]
248145	3829	1	[204]
790553	3829	1	[205]
927577	3829	1	[206]
192264	3829	1	[210]
461081	3829	1	[211]
339483	3829	1	[212]
587726	3829	2	[216, 217]
146726	3829	2	[218, 281]
596754	3829	1	[220]
891205	3829	1	[226]
26924	3829	1	[227]
749599	3829	4	[228, 229, 230, 231]
794640	3829	2	[232, 233]
355074	3829	2	[234, 125]
153394	3829	1	[238]
384374	3829	2	[239, 61]
460386	3829	1	[240]
186388	3829	2	[243, 175]
775357	3829	1	[244]
10667	3829	1	[245]
705706	3829	2	[246, 130]
436636	3829	1	[247]
609690	3829	4	[252, 253, 325, 326]
730472	3829	2	[254, 85]
165735	3829	6	[255, 256, 86, 184, 330, 96]
184885	3829	4	[262, 263, 337, 338]
565005	3829	3	[264, 341, 342]
593100	3829	5	[265, 187, 343, 94, 106]
215640	3829	3	[266, 267, 72]
368611	3829	2	[268, 269]
974348	3829	1	[273]
804127	3829	1	[274]
552781	3829	2	[275, 350]
110274	3829	2	[276, 89]
12366	3829	1	[280]
555626	3829	1	[281]
812389	3829	1	[282]
289027	3829	3	[283, 197, 361]
198407	3829	1	[287]
124434	3829	2	[288, 73]
740729	3829	1	[290]
587630	3829	1	[293]
971201	3829	1	[294]
43866	3829	1	[295]
125848	3829	1	[297]
344414	3829	5	[298, 96, 101, 76, 77]
905881	3829	2	[299, 300]
855011	3829	1	[302]
162782	3829	1	[304]
248037	3829	1	[305]
164646	3829	2	[312, 223]
219340	3829	1	[313]
185216	3829	1	[317]
899697	3829	6	[318, 171, 403, 83, 84, 85]
930303	3829	1	[320]
124322	3829	1	[322]
540740	3829	1	[323]
872844	3829	1	[330]
965566	3829	1	[331]
929296	3829	1	[332]
8292	3829	1	[333]
690492	3829	1	[334]
131652	3829	1	[337]
580037	3829	1	[338]
206528	3829	2	[340, 183]
789211	3829	2	[342, 186]
938585	3829	1	[343]
229384	3829	2	[344, 257]
144947	3829	1	[346]
385247	3829	1	[347]
204430	3829	1	[348]
815278	3829	5	[349, 115, 469, 124, 98]
184737	3829	2	[352, 265]
986018	3829	1	[353]
738259	3829	2	[357, 184]
760986	3829	1	[358]
266212	3829	1	[362]
612741	3829	5	[363, 364, 365, 212, 127]
330861	3829	1	[367]
559744	3829	1	[370]
994664	3829	1	[371]
814562	3829	1	[373]
448286	3829	2	[374, 506]
901137	3829	2	[375, 376]
179529	3829	1	[377]
132905	3829	1	[378]
232253	3829	2	[379, 380]
204792	3829	1	[381]
453979	3829	1	[384]
772844	3829	1	[385]
270836	3829	1	[386]
122441	3829	1	[387]
75299	3829	1	[388]
744919	3829	1	[389]
863726	3829	1	[390]
567071	3829	1	[394]
698909	3829	1	[395]
344703	3829	1	[396]
248705	3829	1	[398]
603927	3829	1	[401]
257227	3829	3	[402, 231, 206]
678478	3829	1	[404]
575893	3829	1	[405]
585176	3829	2	[406, 236]
62406	3829	4	[408, 239, 323, 116]
660467	3829	1	[412]
36655	3829	1	[413]
259301	3829	1	[416]
706121	3829	6	[417, 245, 151, 152, 328, 63]
822259	3829	1	[421]
320064	3829	1	[426]
448048	3829	3	[432, 433, 252]
448948	3829	1	[438]
583872	3829	3	[439, 440, 441]
720966	3829	1	[442]
503005	3829	3	[446, 447, 163]
22510	3829	1	[448]
65111	3829	1	[449]
766970	3829	2	[450, 451]
77017	3829	3	[454, 455, 633]
128666	3829	2	[458, 459]
892576	3829	1	[461]
364075	3829	1	[462]
299502	3829	1	[463]
8075	3829	2	[466, 362]
521691	3829	1	[467]
99982	3829	1	[471]
905171	3829	1	[472]
371145	3829	1	[473]
494120	3829	1	[474]
345530	3829	1	[475]
282669	3829	1	[476]
622762	3829	2	[478, 267]
794554	3829	1	[481]
205404	3829	1	[484]
553294	3829	2	[486, 276]
647797	3829	3	[487, 488, 679]
796615	3829	1	[489]
860380	3829	1	[490]
890279	3829	2	[494, 495]
372211	3829	2	[497, 498]
79280	3829	2	[500, 501]
930231	3829	1	[502]
605209	3829	1	[503]
320754	3829	1	[504]
604253	3829	1	[506]
40292	3829	1	[507]
215145	3829	2	[510, 511]
976912	3829	1	[515]
630018	3829	2	[516, 517]
694727	3829	1	[522]
514858	3829	1	[523]
973534	3829	1	[527]
81819	3829	5	[532, 736, 737, 738, 739]
714666	3829	2	[536, 741]
355154	3829	2	[539, 141]
66103	3829	6	[540, 433, 434, 435, 436, 748]
616533	3829	1	[542]
612794	3829	2	[543, 544]
544634	3829	1	[545]
398427	3829	1	[550]
628224	3829	1	[551]
775547	3829	1	[556]
908038	3829	1	[558]
699597	3829	4	[559, 560, 314, 783]
89215	3829	1	[563]
192753	3829	2	[564, 255]
547736	3829	1	[571]
738077	3829	2	[574, 324]
824365	3829	1	[579]
328455	3829	3	[581, 582, 583]
71611	3829	3	[584, 218, 465]
201296	3829	2	[585, 809]
755539	3829	1	[586]
599740	3829	1	[587]
612237	3829	1	[588]
882753	3829	2	[589, 590]
180659	3829	1	[597]
867846	3829	2	[599, 328]
480313	3829	4	[602, 819, 211, 84]
951754	3829	1	[607]
214176	3829	1	[608]
262364	3829	1	[609]
882297	3829	3	[611, 612, 829]
439215	3829	1	[613]
61128	3829	1	[614]
59554	3829	1	[619]
21715	3829	1	[622]
370111	3829	1	[623]
36628	3829	1	[624]
889728	3829	1	[628]
656438	3829	1	[629]
558303	3829	2	[631, 632]
322493	3829	3	[634, 160, 171]
71965	3829	1	[635]
728626	3829	3	[636, 637, 338]
916754	3829	8	[639, 341, 342, 495, 496, 843, 844, 222]
582836	3829	1	[640]
86574	3829	1	[645]
954757	3829	1	[646]
586933	3829	1	[649]
849812	3829	1	[653]
702371	3829	1	[654]
967247	3829	1	[657]
175041	3829	1	[660]
524236	3829	1	[662]
304677	3829	5	[663, 349, 510, 511, 176]
777511	3829	1	[664]
842709	3829	1	[669]
438081	3829	1	[670]
949154	3829	1	[671]
613895	3829	1	[672]
270019	3829	1	[676]
911817	3829	1	[677]
335212	3829	2	[678, 238]
902687	3829	1	[679]
333598	3829	1	[680]
552102	3829	1	[681]
410828	3829	1	[682]
526432	3829	5	[685, 686, 367, 882, 184]
656763	3829	1	[687]
964604	3829	1	[699]
762709	3829	3	[700, 546, 279]
444591	3829	1	[703]
864018	3829	1	[705]
657914	3829	1	[707]
930016	3829	1	[708]
287658	3829	2	[710, 912]
383601	3829	3	[713, 287, 193]
157552	3829	1	[714]
214986	3829	2	[716, 922]
716528	3829	3	[718, 564, 923]
675017	3829	2	[719, 720]
534841	3829	2	[721, 382]
950393	3829	4	[722, 383, 173, 294]
267024	3829	2	[725, 726]
738022	3829	1	[727]
803489	3829	2	[728, 577]
328050	3829	4	[729, 252, 578, 256]
748721	3829	1	[730]
138923	3829	1	[731]
596292	3829	3	[735, 736, 176]
980866	3829	1	[738]
88661	3829	1	[739]
23086	3829	1	[744]
322148	3829	1	[746]
627756	3829	3	[748, 401, 299]
702959	3829	1	[749]
66583	3829	2	[752, 753]
575656	3829	1	[754]
903597	3829	1	[755]
561908	3829	3	[756, 964, 265]
892575	3829	1	[757]
405813	3829	2	[758, 405]
242717	3829	1	[759]
966002	3829	1	[760]
189314	3829	1	[761]
132403	3829	1	[767]
493370	3829	1	[768]
273426	3829	1	[770]
624973	3829	1	[776]
603625	3829	1	[777]
381287	3829	1	[778]
859898	3829	1	[779]
686003	3829	1	[781]
538974	3829	1	[782]
945719	3829	1	[783]
833305	3829	1	[784]
115668	3829	1	[785]
522608	3829	5	[787, 632, 633, 1010, 209]
929319	3829	3	[789, 790, 426]
875318	3829	1	[792]
731281	3829	1	[793]
917636	3829	1	[794]
785618	3829	1	[797]
246220	3829	1	[800]
561046	3829	1	[801]
437541	3829	1	[802]
153106	3829	1	[804]
807464	3829	2	[805, 806]
95445	3829	2	[807, 288]
377120	3829	1	[808]
234084	3829	1	[815]
221542	3829	2	[816, 817]
884588	3829	3	[818, 663, 664]
490725	3829	1	[819]
893291	3829	1	[820]
199101	3829	1	[821]
900339	3829	1	[824]
594873	3829	1	[827]
166583	3829	1	[828]
258562	3829	2	[832, 833]
377796	3829	1	[834]
990193	3829	1	[835]
778841	3829	1	[837]
553195	3829	2	[838, 1056]
129412	3829	4	[841, 296, 672, 1062]
115298	3829	1	[842]
881756	3829	1	[844]
928120	3829	1	[853]
410076	7116	1	[0]
464676	7116	3	[3, 5, 6]
13591	7116	2	[4, 7]
939348	7116	1	[7]
439079	7116	1	[8]
118486	7116	2	[10, 10]
96022	7116	1	[13]
207364	7116	4	[14, 15, 27, 14]
963575	7116	1	[19]
881295	7116	3	[20, 21, 47]
41031	7116	3	[23, 31, 18]
502044	7116	4	[26, 49, 20, 7]
322885	7116	1	[31]
247277	7116	1	[32]
528679	7116	3	[33, 64, 65]
74522	7116	2	[34, 71]
68258	7116	1	[35]
168304	7116	1	[36]
221523	7116	1	[37]
708707	7116	1	[38]
514101	7116	1	[40]
590276	7116	1	[41]
784297	7116	2	[44, 27]
549618	7116	1	[46]
405125	7116	4	[50, 62, 108, 109]
843605	7116	1	[54]
665380	7116	1	[55]
821657	7116	1	[56]
794654	7116	4	[59, 60, 78, 39]
765962	7116	1	[61]
344194	7116	1	[65]
454806	7116	2	[66, 84]
100911	7116	2	[67, 85]
945248	7116	1	[68]
969852	7116	1	[73]
917446	7116	1	[74]
80434	7116	1	[75]
865220	7116	3	[85, 117, 118]
940609	7116	3	[86, 87, 55]
192286	7116	1	[91]
803338	7116	1	[92]
995356	7116	1	[94]
311804	3660	1	[514]
144464	7116	1	[103]
482353	7116	1	[107]
341390	7116	2	[111, 139]
292682	7116	3	[119, 279, 74]
190201	7116	4	[124, 164, 291, 292]
703748	7116	1	[126]
67102	7116	1	[131]
485093	7116	1	[132]
729712	7116	3	[133, 180, 314]
358874	7116	1	[140]
659929	7116	1	[143]
257387	7116	3	[146, 203, 118]
781758	7116	2	[147, 204]
932143	7116	1	[150]
504477	7116	2	[151, 208]
601122	7116	2	[155, 371]
521474	7116	1	[157]
738056	7116	2	[159, 131]
899443	7116	5	[161, 212, 213, 214, 377]
740914	7116	1	[163]
167130	7116	2	[164, 219]
556712	7116	1	[165]
479480	7116	1	[166]
990223	7116	2	[172, 44]
513821	7116	2	[174, 233]
490031	7116	1	[175]
702158	7116	2	[180, 439]
988894	7116	1	[187]
196343	7116	1	[188]
424927	7116	1	[189]
637628	7116	2	[190, 465]
750018	7116	2	[193, 179]
710329	7116	1	[194]
392687	7116	1	[196]
789256	7116	1	[199]
772737	7116	1	[201]
324954	7116	1	[202]
759915	7116	1	[203]
691933	7116	2	[209, 493]
260897	7116	1	[210]
540301	7116	1	[214]
448684	7116	1	[215]
704207	7116	1	[216]
234159	7116	1	[218]
896208	7116	2	[221, 515]
118152	7116	2	[222, 521]
32911	7116	1	[225]
749827	7116	1	[226]
809927	7116	2	[229, 543]
118921	7116	2	[230, 106]
738095	7116	1	[232]
461717	7116	1	[233]
239685	7116	1	[235]
987605	7116	2	[237, 144]
224604	7116	1	[242]
339240	7116	1	[248]
452240	7116	1	[250]
169046	7116	1	[251]
838355	7116	1	[253]
109081	7116	5	[260, 626, 627, 165, 65]
520976	7116	1	[261]
54204	7116	1	[266]
769129	7116	1	[268]
718406	7116	1	[271]
327228	7116	1	[275]
458515	7116	2	[277, 278]
63686	7116	1	[280]
94168	7116	3	[281, 392, 234]
101447	7116	1	[283]
378484	7116	1	[284]
741752	7116	2	[285, 78]
68396	7116	1	[287]
300865	7116	1	[288]
937650	7116	1	[290]
553376	7116	1	[291]
785020	7116	1	[293]
994610	7116	2	[294, 415]
180303	7116	1	[295]
488434	7116	1	[301]
808494	7116	1	[302]
283562	7116	1	[304]
447457	7116	1	[305]
694741	7116	7	[306, 441, 757, 758, 198, 199, 151]
705883	7116	5	[308, 309, 764, 765, 766]
441120	7116	6	[310, 311, 446, 768, 769, 202]
915110	7116	3	[313, 250, 158]
725777	7116	3	[316, 454, 784]
209525	7116	2	[319, 787]
622853	7116	1	[323]
885961	7116	1	[330]
657079	7116	1	[336]
409997	7116	1	[339]
679556	7116	1	[343]
609269	7116	1	[347]
759053	7116	1	[350]
15523	7116	1	[353]
103370	7116	3	[355, 860, 271]
491690	7116	2	[356, 862]
437521	7116	3	[357, 521, 272]
608245	7116	1	[358]
987899	7116	3	[359, 360, 237]
810519	7116	1	[361]
584411	7116	1	[363]
504465	7116	1	[371]
696089	7116	1	[372]
750907	7116	2	[373, 241]
506298	7116	1	[375]
118457	7116	2	[376, 557]
532870	7116	1	[378]
154141	7116	1	[380]
612647	7116	1	[384]
824678	7116	1	[385]
62457	7116	1	[388]
473406	7116	1	[389]
781692	7116	2	[391, 392]
155488	7116	1	[393]
5876	7116	1	[395]
475306	7116	1	[396]
634053	7116	2	[400, 262]
731214	7116	1	[404]
191785	7116	1	[406]
830813	7116	1	[407]
195732	7116	1	[410]
490917	7116	1	[412]
608260	7116	1	[416]
738316	7116	1	[417]
981263	7116	1	[418]
753553	7116	1	[424]
594470	7116	1	[427]
36877	7116	1	[429]
849395	7116	1	[435]
603230	7116	1	[436]
808085	7116	2	[437, 658]
684168	7116	1	[438]
23570	7116	2	[443, 1047]
54240	7116	1	[445]
627941	7116	1	[447]
478601	7116	1	[449]
10261	7116	2	[460, 685]
737356	7116	1	[461]
674765	7116	1	[462]
435359	7116	3	[463, 686, 347]
592514	7116	1	[465]
538839	7170	1	[2]
595911	7170	3	[5, 5, 4]
467303	7170	1	[6]
736126	7170	1	[9]
829881	7170	1	[11]
487424	7170	2	[12, 22]
123540	7170	1	[13]
50375	7170	1	[16]
843447	7170	2	[17, 35]
36878	7170	2	[19, 37]
962698	7170	1	[20]
402025	7170	2	[21, 22]
446686	7170	1	[23]
698359	7170	1	[26]
181331	7170	1	[28]
186804	7170	1	[30]
591091	7170	1	[31]
382009	7170	2	[42, 6]
516554	7170	1	[44]
853424	7170	1	[47]
161882	7170	1	[49]
397090	7170	1	[55]
635758	7170	2	[58, 196]
674012	7170	1	[59]
885958	7170	1	[62]
658565	7170	1	[64]
198525	7170	1	[72]
248866	7170	1	[73]
353570	7170	1	[87]
957835	7170	1	[92]
699472	7170	1	[93]
205176	7170	1	[95]
206788	7170	1	[100]
437339	7170	1	[104]
333547	7170	2	[109, 422]
605918	7170	2	[112, 447]
348199	7170	1	[113]
591669	7170	1	[114]
100468	7170	1	[120]
823972	7170	1	[123]
577500	7170	1	[129]
646218	7170	1	[131]
7921	7170	1	[134]
754379	7170	1	[137]
15342	7170	1	[140]
846840	7170	1	[141]
514624	7170	1	[145]
824573	7170	1	[147]
681523	7170	1	[148]
213612	7170	1	[155]
539479	7170	1	[158]
788243	7170	1	[160]
673827	7170	1	[163]
533120	7170	2	[167, 643]
25148	7170	1	[170]
271019	7170	1	[171]
902047	7170	1	[172]
174129	7170	1	[173]
857640	7170	1	[176]
423488	7170	1	[179]
487614	7170	1	[183]
679115	7170	1	[185]
470973	7170	1	[186]
496914	7170	2	[187, 689]
710023	7170	1	[190]
72798	7170	1	[191]
741115	7170	1	[192]
242610	7170	1	[196]
178114	7170	1	[197]
386907	7170	1	[200]
459479	7170	1	[202]
365488	7170	1	[204]
139509	7170	4	[205, 206, 207, 144]
874674	7170	1	[208]
598819	7170	1	[212]
523308	7170	3	[217, 463, 806]
766915	7170	1	[219]
249231	7170	1	[220]
649522	7170	3	[221, 473, 212]
548062	7170	2	[223, 827]
492886	7170	1	[224]
824704	7170	1	[225]
144768	7170	1	[226]
701731	7170	2	[230, 172]
33633	7170	1	[234]
922670	7170	1	[236]
798058	7170	1	[237]
512901	7170	4	[240, 884, 885, 886]
753746	7170	2	[243, 280]
614323	7170	1	[244]
358220	7170	5	[248, 572, 932, 32, 196]
781926	7170	1	[249]
577538	7170	1	[259]
656491	7170	1	[260]
976273	7170	1	[261]
995101	7170	3	[263, 269, 300]
343721	7170	1	[264]
836323	7170	1	[267]
198845	7170	1	[268]
188017	7170	1	[273]
161438	7170	2	[280, 1023]
461587	7170	1	[282]
754716	7170	2	[286, 113]
919901	7170	1	[289]
939073	7170	2	[293, 1055]
643215	7170	1	[294]
731138	7170	1	[299]
214237	7170	1	[300]
997115	6448	1	[9]
770400	6448	1	[10]
717859	6448	1	[11]
252162	6448	1	[14]
875317	6448	4	[15, 22, 23, 2]
363115	6448	1	[17]
664181	6448	1	[18]
704167	6448	1	[19]
423982	6448	2	[20, 7]
330564	6448	2	[21, 8]
18957	6448	1	[25]
423752	6448	1	[26]
364870	6448	1	[28]
744741	6448	1	[29]
57218	6448	1	[33]
99344	6448	1	[34]
321487	6448	1	[36]
434224	6448	1	[38]
525200	6448	1	[39]
563015	6448	1	[42]
826259	6448	1	[43]
694622	6448	1	[46]
657818	6448	2	[48, 80]
983716	6448	1	[49]
287236	6448	1	[50]
820874	6448	1	[51]
467719	6448	1	[53]
25479	6448	1	[54]
403617	6448	2	[55, 30]
460984	6448	1	[56]
352423	6448	1	[60]
264018	6448	1	[61]
622031	6448	1	[65]
888067	6448	2	[69, 117]
177662	6448	1	[70]
906182	6448	1	[72]
920090	6448	1	[73]
141963	6448	1	[74]
863791	6448	1	[75]
600118	6448	1	[76]
23093	6448	1	[81]
670728	6448	1	[83]
538989	6448	1	[86]
424677	6448	1	[87]
894838	6448	1	[90]
281635	6448	1	[94]
895350	6448	1	[99]
245973	6448	3	[100, 169, 18]
591623	6448	1	[105]
234605	6448	1	[111]
613984	6448	1	[113]
829746	6448	1	[114]
220737	6448	1	[116]
284468	6448	1	[121]
932464	6448	1	[133]
265839	6448	1	[135]
593827	6448	1	[136]
760167	6448	1	[140]
483587	6448	1	[143]
54826	6448	1	[144]
551540	6448	1	[145]
143439	6448	1	[148]
799217	6448	2	[149, 150]
467931	6448	2	[152, 58]
798738	6448	1	[160]
700129	6448	2	[162, 64]
889741	6448	1	[167]
411490	6448	1	[168]
45129	6448	1	[170]
84356	6448	1	[172]
806392	6448	1	[173]
991297	6448	1	[174]
448585	6448	1	[176]
736460	6448	1	[177]
677086	6448	1	[178]
491492	6448	2	[179, 313]
142092	6448	1	[183]
660423	6448	1	[189]
596125	6448	1	[190]
889687	6448	1	[194]
138761	6448	1	[195]
517068	6448	2	[196, 359]
233327	6448	1	[199]
572043	6448	1	[201]
107772	6448	1	[209]
243591	6448	1	[211]
219815	6448	1	[217]
694071	6448	1	[220]
680289	6448	1	[221]
668586	6448	1	[222]
906183	6448	2	[225, 82]
199693	6448	1	[227]
211788	6448	1	[231]
203530	6448	1	[234]
620884	6448	1	[235]
407119	6448	1	[237]
351599	6448	1	[238]
975788	6448	1	[239]
135253	6448	2	[240, 45]
401618	6448	1	[242]
961365	6448	1	[243]
690662	6448	1	[244]
45333	6448	1	[247]
575385	6448	1	[248]
969932	6448	1	[249]
213467	6448	1	[251]
317041	6448	1	[253]
382791	6448	1	[255]
430696	6448	1	[256]
544405	6448	1	[258]
262205	6448	1	[259]
176812	6448	1	[264]
138839	6448	1	[267]
445077	6448	1	[268]
145983	6448	1	[270]
969446	6448	1	[271]
145667	6448	1	[277]
245919	6448	1	[278]
460522	6448	1	[281]
315468	6448	1	[284]
710203	6448	1	[285]
216952	6448	1	[286]
808978	6448	1	[288]
94852	6448	1	[290]
350442	6448	1	[291]
567237	6448	1	[293]
972765	6448	2	[295, 524]
646494	6448	1	[296]
156610	6448	1	[297]
878242	6448	1	[298]
766660	6448	1	[299]
39368	6448	1	[300]
280904	6448	1	[301]
110818	6448	1	[303]
207524	6448	1	[304]
255947	6448	2	[306, 201]
473299	6448	1	[308]
424734	6448	1	[309]
177809	6448	2	[310, 103]
323826	6448	2	[311, 203]
646236	6448	1	[313]
841317	6448	1	[314]
434116	6448	1	[316]
480909	6448	1	[317]
417661	6448	1	[320]
713166	6448	1	[322]
700658	6448	1	[324]
577271	6448	1	[326]
728581	6448	1	[330]
698155	6448	2	[331, 153]
303296	6448	1	[336]
332006	6448	1	[340]
985073	6448	1	[345]
789313	6448	1	[346]
302162	6448	1	[347]
46400	6448	1	[348]
181192	6448	1	[351]
274867	6448	1	[352]
685043	6448	1	[354]
100591	6448	1	[355]
703565	6448	1	[356]
91196	6448	1	[357]
741569	6448	1	[358]
364234	6448	1	[359]
751949	6448	1	[360]
235425	6448	1	[361]
892636	6448	1	[364]
443743	6448	1	[365]
959945	6448	1	[367]
408041	6448	1	[368]
270375	6448	1	[370]
672193	6448	1	[372]
985659	6448	1	[373]
658684	6448	1	[378]
70012	6448	1	[379]
500306	6448	1	[380]
988594	6448	1	[382]
816289	6448	2	[385, 135]
826044	6448	2	[386, 387]
67966	6448	1	[388]
727744	6448	2	[390, 681]
95563	6448	1	[391]
662613	6448	1	[393]
470297	6448	1	[394]
678143	6448	1	[395]
317032	6448	1	[396]
357440	6448	1	[397]
492654	6448	1	[398]
491738	6448	1	[399]
640538	6448	1	[400]
412547	6448	1	[402]
183502	6448	1	[403]
987853	6448	1	[404]
842955	6448	1	[405]
784742	6448	1	[406]
467655	6448	1	[408]
205579	6448	1	[410]
940988	6448	1	[412]
203936	6448	2	[413, 240]
468805	6448	1	[414]
640946	6448	1	[416]
626119	6448	1	[418]
813472	6448	2	[419, 719]
212987	6448	2	[424, 242]
908054	6448	1	[427]
488656	6448	1	[428]
57555	6448	1	[430]
939643	6448	1	[431]
186220	6448	1	[432]
933088	6448	2	[438, 752]
813510	6448	3	[439, 753, 754]
512799	6448	1	[440]
49737	6448	1	[444]
335716	6448	1	[448]
763195	6448	1	[449]
385124	6448	1	[451]
854920	6448	1	[452]
458721	6448	1	[453]
83786	6448	1	[456]
734217	6448	1	[457]
540758	6448	1	[464]
15851	6448	1	[467]
5603	6448	1	[468]
806505	6448	1	[469]
751715	6448	1	[470]
640189	6448	1	[471]
632404	6448	1	[472]
971503	6448	1	[474]
261351	6448	1	[475]
797230	6448	1	[477]
514705	6448	1	[478]
582972	6448	1	[479]
708511	6448	1	[480]
332146	6448	1	[481]
179796	6448	1	[482]
693098	6448	1	[485]
697677	6448	1	[487]
516478	6448	1	[489]
682950	6448	1	[490]
161689	6448	1	[491]
157672	6448	2	[492, 840]
825969	6448	1	[493]
938130	6448	1	[497]
975262	6448	1	[500]
586078	6448	2	[503, 850]
266195	6448	1	[505]
884496	6448	1	[506]
803717	6448	1	[512]
729938	6448	1	[513]
347030	6448	1	[514]
620366	6448	1	[516]
821062	6448	1	[517]
547362	6448	2	[518, 861]
128328	6448	1	[519]
437832	6448	1	[520]
26747	6448	1	[522]
490692	6448	1	[523]
3948	6448	1	[524]
405034	6448	1	[525]
972252	6448	1	[527]
188535	6448	1	[528]
522000	6448	1	[529]
828656	6448	1	[531]
53173	6448	1	[532]
429802	6448	2	[536, 878]
885751	6448	1	[539]
690537	6448	1	[541]
632847	6448	1	[542]
895702	6448	1	[543]
814486	6448	1	[547]
971720	6448	1	[548]
317626	6448	1	[549]
186114	6448	1	[552]
842095	6448	1	[555]
425386	6448	1	[556]
662654	6448	2	[558, 914]
47538	6448	1	[560]
190640	6448	1	[563]
607557	6448	1	[565]
172691	6448	2	[567, 568]
470065	6448	1	[569]
90172	6448	1	[570]
585583	6448	1	[571]
664056	6448	1	[574]
259781	6448	1	[575]
133316	6448	1	[579]
683543	6448	1	[580]
553065	6448	1	[581]
313495	6448	1	[587]
929541	6448	1	[589]
67661	6448	1	[595]
764444	6448	1	[598]
780763	6448	1	[599]
232097	6448	1	[600]
137085	6448	1	[601]
779774	6448	1	[602]
517610	6448	1	[603]
93775	6448	3	[604, 301, 204]
236372	6448	1	[609]
5090	6448	1	[610]
849633	6448	1	[611]
624257	6448	1	[612]
652769	6448	1	[613]
345761	6448	1	[615]
931632	6448	1	[618]
902381	6448	1	[619]
456252	6448	1	[620]
349232	6448	1	[623]
769501	6448	1	[628]
52241	6448	1	[630]
292487	6448	1	[631]
95456	6448	1	[634]
734024	6448	1	[635]
321289	6448	1	[637]
187884	6448	1	[639]
716504	6448	1	[641]
761024	6448	1	[642]
941551	6448	1	[643]
778758	6448	1	[645]
23585	6448	1	[648]
15843	6448	1	[649]
964862	6448	1	[651]
524990	6448	1	[653]
969389	6448	1	[654]
90399	6448	1	[656]
598133	6448	1	[657]
249348	6448	1	[659]
808966	6448	1	[661]
596520	6448	1	[662]
875596	6448	2	[665, 192]
564032	6448	3	[666, 667, 1050]
676603	6448	1	[668]
337129	6448	1	[669]
872921	6448	2	[671, 117]
332010	6448	1	[674]
803941	6448	1	[676]
758741	6448	1	[677]
18387	6448	1	[679]
521405	6448	1	[680]
753586	6448	1	[683]
161021	6448	1	[687]
23225	6448	1	[689]
456198	6448	1	[691]
51604	6448	1	[692]
427005	6448	1	[693]
295553	6448	1	[694]
317263	6448	1	[695]
411340	6448	1	[696]
985028	6448	1	[697]
844938	6448	1	[698]
800120	6448	1	[699]
394248	6448	1	[700]
485055	3660	1	[0]
332661	3660	1	[1]
150507	3660	1	[2]
464110	3660	1	[3]
610104	3660	1	[4]
399297	3660	1	[7]
785093	3660	2	[11, 12]
105779	3660	1	[13]
223715	3660	1	[15]
882595	3660	1	[18]
276666	3660	1	[20]
636167	3660	1	[21]
506567	3660	3	[24, 25, 26]
169667	3660	1	[28]
945943	3660	1	[30]
455065	3660	1	[31]
864377	3660	1	[32]
907135	3660	1	[33]
625321	3660	1	[34]
822214	3660	1	[35]
655403	3660	1	[36]
832436	3660	1	[37]
981869	3660	2	[38, 3]
727042	3660	1	[39]
508007	3660	1	[40]
500090	3660	1	[41]
376887	3660	1	[42]
266957	3660	1	[44]
223518	3660	1	[45]
107515	3660	1	[46]
437633	3660	1	[51]
732218	3660	1	[52]
563029	3660	1	[54]
717369	3660	1	[56]
269995	3660	2	[57, 58]
123318	3660	1	[59]
97293	3660	1	[60]
984107	3660	3	[66, 67, 68]
525703	3660	1	[69]
199213	3660	1	[70]
318478	3660	1	[72]
983790	3660	1	[73]
436893	3660	1	[74]
61033	3660	1	[75]
271939	3660	1	[81]
14312	3660	1	[82]
796743	3660	1	[83]
625868	3660	1	[84]
129157	3660	1	[87]
791210	3660	1	[88]
434647	3660	1	[89]
294311	3660	1	[90]
147750	3660	1	[93]
467262	3660	2	[95, 19]
460852	3660	1	[99]
608686	3660	1	[100]
382134	3660	1	[101]
658733	3660	1	[102]
408706	3660	1	[104]
832788	3660	1	[107]
991076	3660	1	[110]
416523	3660	1	[115]
708855	3660	1	[118]
339620	3660	1	[121]
174269	3660	1	[122]
226894	3660	1	[123]
53231	3660	1	[124]
254069	3660	1	[125]
660999	3660	1	[127]
879083	3660	1	[128]
605279	3660	1	[131]
818799	3660	1	[132]
946274	3660	1	[137]
657242	3660	1	[138]
469286	3660	1	[139]
885239	3660	2	[140, 28]
455278	3660	1	[141]
382444	3660	1	[142]
922931	3660	1	[143]
701663	3660	1	[145]
911343	3660	1	[146]
51354	3660	1	[147]
234658	3660	1	[148]
829693	3660	2	[153, 154]
580044	3660	1	[155]
255412	3660	1	[156]
177798	3660	2	[157, 158]
258117	3660	2	[159, 160]
238183	3660	1	[161]
430445	3660	1	[162]
138043	3660	1	[165]
250060	3660	2	[166, 34]
66148	3660	1	[167]
126738	3660	1	[172]
225697	3660	1	[173]
788815	3660	1	[174]
657686	3660	1	[175]
740582	3660	1	[178]
43622	3660	1	[181]
931177	3660	1	[182]
455885	3660	1	[183]
622850	3660	2	[187, 188]
673117	3660	1	[190]
807333	3660	1	[193]
894357	3660	1	[194]
367782	3660	1	[197]
138931	3660	1	[199]
627862	3660	1	[204]
891475	3660	1	[205]
570408	3660	1	[206]
357638	3660	1	[207]
298803	3660	1	[208]
213517	3660	1	[210]
113941	3660	1	[211]
580550	3660	1	[212]
479904	3660	1	[213]
432694	3660	1	[214]
719119	3660	1	[215]
162912	3660	2	[217, 39]
53746	3660	2	[218, 219]
739563	3660	1	[222]
817114	3660	1	[224]
820257	3660	1	[225]
432444	3660	2	[230, 231]
184438	3660	1	[232]
478992	3660	1	[233]
944160	3660	1	[238]
486078	3660	1	[239]
280463	3660	1	[242]
978898	3660	1	[243]
543101	3660	1	[244]
944694	3660	1	[245]
922678	3660	1	[247]
955145	3660	2	[248, 69]
325965	3660	1	[249]
414972	3660	1	[250]
275537	3660	1	[251]
878681	3660	1	[252]
446090	3660	1	[253]
748948	3660	1	[255]
880422	3660	1	[256]
403652	3660	1	[257]
509662	3660	1	[258]
348773	3660	2	[259, 33]
137507	3660	1	[260]
668689	3660	1	[262]
777543	3660	1	[263]
666729	3660	1	[266]
393869	3660	3	[268, 269, 270]
78167	3660	1	[272]
447813	3660	1	[273]
756880	3660	1	[274]
763896	3660	1	[275]
347850	3660	1	[278]
308073	3660	1	[282]
822192	3660	2	[285, 286]
329588	3660	1	[288]
582496	3660	1	[289]
611216	3660	1	[293]
740969	3660	1	[297]
429570	3660	2	[299, 300]
268400	3660	1	[301]
317161	3660	1	[303]
9694	3660	1	[304]
668723	3660	1	[305]
570439	3660	1	[306]
942049	3660	1	[309]
559516	3660	1	[311]
967447	3660	1	[312]
615920	3660	1	[315]
336027	3660	2	[317, 318]
35977	3660	1	[319]
179599	3660	1	[323]
842349	3660	1	[324]
723478	3660	1	[327]
326136	3660	1	[328]
82990	3660	1	[329]
754454	3660	1	[331]
355712	3660	1	[332]
429128	3660	1	[336]
614352	3660	1	[339]
332622	3660	1	[340]
852535	3660	1	[345]
123582	3660	1	[346]
420975	3660	1	[347]
146679	3660	1	[348]
58224	3660	1	[349]
93040	3660	1	[351]
678804	3660	1	[352]
948360	3660	1	[356]
757792	3660	1	[357]
266447	3660	1	[360]
649744	3660	1	[362]
641036	3660	1	[366]
382045	3660	1	[367]
387104	3660	1	[368]
919460	3660	3	[369, 370, 78]
947884	3660	1	[372]
243147	3660	1	[373]
889917	3660	1	[374]
898998	3660	1	[375]
651553	3660	1	[376]
729664	3660	1	[378]
381107	3660	1	[380]
691573	3660	1	[383]
446006	3660	1	[386]
137346	3660	1	[393]
193040	3660	1	[394]
188712	3660	1	[395]
704852	3660	1	[398]
824124	3660	1	[399]
290450	3660	2	[401, 108]
666315	3660	1	[402]
687069	3660	1	[404]
437768	3660	1	[406]
734389	3660	1	[408]
470119	3660	1	[411]
363399	3660	2	[412, 413]
122946	3660	1	[414]
260462	3660	1	[415]
806285	3660	1	[416]
310089	3660	1	[417]
946033	3660	1	[419]
721065	3660	1	[420]
108631	3660	1	[424]
796160	3660	1	[428]
672767	3660	1	[436]
629325	3660	1	[437]
916569	3660	1	[438]
491553	3660	1	[440]
667521	3660	1	[448]
677095	3660	1	[449]
929138	3660	1	[454]
210257	3660	2	[455, 116]
100392	3660	1	[456]
477521	3660	1	[457]
301382	3660	1	[458]
931813	3660	1	[459]
84906	3660	1	[460]
70120	3660	1	[464]
200298	3660	1	[466]
622740	3660	1	[470]
780328	3660	1	[472]
10393	3660	3	[478, 129, 102]
311667	3660	2	[579, 103]
87621	3660	1	[482]
956785	3660	1	[483]
188880	3660	1	[484]
353453	3660	1	[485]
467219	3660	2	[486, 132]
203420	3660	1	[495]
162302	3660	1	[497]
483312	3660	1	[500]
305104	3660	1	[501]
779924	3660	1	[502]
571648	3660	1	[508]
255120	3660	1	[509]
825888	3660	1	[510]
797554	3660	1	[513]
281222	3660	2	[516, 517]
66648	3660	1	[522]
265836	3660	1	[523]
175685	3660	1	[525]
442210	3660	1	[526]
732805	3660	1	[527]
59109	3660	1	[531]
649068	3660	1	[532]
875898	3660	1	[533]
780535	3660	1	[534]
973624	3660	1	[535]
569454	3660	1	[536]
45146	3660	1	[537]
272841	3660	1	[541]
840156	3660	1	[542]
955175	3660	1	[544]
115742	3660	1	[545]
165660	3660	1	[546]
839344	3660	1	[547]
303530	3660	1	[548]
402339	3660	1	[549]
477448	3660	1	[550]
442450	3660	1	[552]
929363	3660	1	[553]
487609	3660	1	[554]
376462	3660	1	[556]
694831	3660	1	[558]
293679	3660	1	[559]
130710	3660	1	[561]
972359	3660	1	[562]
276981	3660	2	[563, 564]
962869	3660	1	[565]
66151	3660	1	[566]
968730	3660	1	[568]
96028	3660	1	[569]
367454	3660	1	[571]
835565	3660	1	[572]
171821	3660	1	[580]
656253	3660	1	[581]
39444	3660	1	[583]
459374	3660	2	[585, 586]
257707	3660	1	[587]
224755	3660	1	[590]
925902	3660	2	[592, 112]
388409	3660	1	[593]
999599	3660	1	[595]
67931	3660	1	[598]
368266	3660	1	[601]
263061	3660	2	[604, 124]
453333	3660	1	[605]
991490	3660	1	[606]
753969	3660	1	[607]
727641	3660	1	[608]
977015	3660	1	[609]
159134	3660	1	[610]
386857	3660	1	[613]
707977	3660	1	[614]
652325	3660	1	[616]
406683	3660	1	[617]
168658	3660	1	[618]
864407	3660	1	[620]
908589	3660	1	[621]
727313	3660	1	[622]
635277	3660	1	[623]
214268	3660	1	[624]
525038	3660	1	[625]
173775	3660	1	[628]
244311	3660	1	[629]
810749	3660	1	[630]
38749	3660	1	[631]
237747	3660	1	[634]
336212	3660	1	[635]
97083	3660	1	[636]
402333	3660	2	[637, 169]
67269	3660	3	[639, 640, 132]
432714	3660	2	[648, 649]
596868	3660	1	[650]
441635	3660	1	[652]
920586	3660	1	[653]
100842	3660	1	[654]
15344	3660	2	[655, 70]
318587	3660	1	[657]
168179	3660	1	[659]
51624	3660	1	[661]
85306	3660	1	[663]
207460	3660	2	[664, 130]
583068	3660	1	[665]
322894	3660	1	[666]
889288	3660	1	[667]
204615	3660	1	[668]
224869	3660	1	[670]
958534	3660	1	[671]
462296	3660	1	[673]
161036	3660	1	[674]
471649	3660	1	[675]
445138	3660	1	[677]
718830	3660	1	[678]
526286	3660	1	[682]
678814	3660	1	[683]
668530	3660	1	[684]
243955	3660	1	[685]
294495	3660	1	[686]
276806	3660	1	[687]
81897	3660	1	[688]
37989	3660	1	[690]
436103	3660	1	[692]
187997	3660	1	[694]
578831	3660	1	[698]
66984	3660	1	[699]
413808	3660	1	[700]
452994	3660	1	[701]
936513	3660	1	[702]
618817	3660	2	[703, 704]
771813	3660	2	[705, 192]
659167	3660	1	[707]
689275	3660	1	[711]
162840	3660	2	[712, 713]
609775	3660	1	[714]
535480	3660	1	[715]
30534	3660	1	[716]
86940	3660	1	[717]
273704	3660	1	[718]
456724	3660	1	[720]
712608	3660	1	[721]
875628	3660	1	[722]
435803	3660	1	[723]
930464	3660	2	[724, 144]
402350	3660	1	[725]
35067	3660	1	[726]
975047	3660	1	[729]
854956	3660	2	[731, 138]
514087	3660	1	[732]
916735	3660	1	[742]
584624	3660	2	[745, 746]
943380	3660	1	[751]
463768	3660	1	[755]
888146	3660	1	[756]
235987	3660	1	[759]
742618	3660	2	[760, 247]
418344	3660	1	[761]
276846	3660	1	[762]
517239	3660	1	[767]
205432	3660	1	[771]
82076	3660	2	[774, 775]
863530	3660	1	[776]
188344	3660	1	[777]
538331	3660	1	[780]
275197	3660	1	[781]
891924	3660	1	[785]
790937	3660	1	[788]
20670	3660	1	[789]
45715	3660	1	[790]
121042	3660	1	[795]
616315	3660	1	[800]
587667	3660	1	[801]
399504	3660	2	[802, 208]
17494	3660	1	[805]
762017	3660	2	[807, 808]
2978	3660	1	[810]
571461	3660	1	[815]
743447	3660	1	[817]
564234	3660	1	[818]
45502	3660	1	[825]
185789	3660	3	[826, 155, 156]
784634	3660	2	[830, 216]
985166	3660	1	[831]
990350	3660	1	[835]
800927	3660	1	[837]
411851	3660	1	[838]
3933	3660	1	[841]
979236	3660	1	[842]
533230	3660	1	[849]
651277	3660	1	[857]
807746	3660	1	[858]
257789	3660	1	[863]
291735	3660	1	[866]
515162	3660	1	[867]
927071	3660	1	[868]
788111	3660	1	[870]
787932	3660	1	[871]
931571	3660	1	[872]
832423	3660	1	[873]
400647	3660	1	[874]
856185	3660	1	[879]
326192	3660	1	[880]
411637	3660	1	[881]
76521	3660	1	[883]
73508	3660	1	[889]
658820	3660	1	[890]
529378	3660	1	[891]
591807	3660	1	[896]
15926	3660	1	[899]
346543	3660	1	[900]
256849	3660	1	[902]
281995	3660	1	[906]
817	3660	1	[907]
161705	3660	1	[909]
836641	3660	1	[910]
950110	3660	1	[913]
873622	3660	1	[916]
135002	3660	2	[919, 920]
170547	3660	1	[921]
657066	3660	1	[924]
586753	3660	1	[925]
517528	3660	2	[926, 195]
12063	3660	1	[927]
541318	3660	1	[928]
965792	3660	1	[931]
95043	3660	1	[933]
368536	3660	1	[934]
362675	3660	1	[935]
189125	3660	1	[939]
139951	3660	1	[940]
422016	3660	1	[941]
506491	3660	1	[942]
800298	3660	1	[943]
573133	3660	1	[944]
12321	3660	1	[955]
614929	3660	2	[956, 957]
108175	3660	1	[959]
222287	3660	1	[962]
808599	3660	1	[963]
986169	3660	1	[969]
486631	3660	1	[970]
571638	3660	1	[971]
912328	3660	1	[972]
559558	3660	1	[973]
335086	3660	1	[974]
128355	3660	1	[975]
679799	3660	1	[976]
133693	3660	1	[980]
754265	3660	1	[982]
176808	3660	1	[983]
929321	3660	1	[986]
300629	3660	1	[987]
383509	3660	1	[988]
808948	3660	1	[992]
940931	3660	1	[995]
623441	3660	1	[999]
250282	3660	2	[1002, 274]
411523	3660	1	[1003]
286063	3660	1	[1007]
674535	3660	1	[1009]
939100	3660	1	[1015]
253060	3660	1	[1016]
546715	3660	1	[1017]
500291	3660	1	[1021]
863160	3660	1	[1022]
115786	3660	1	[1024]
860903	3660	1	[1025]
909181	3660	1	[1026]
654075	3660	1	[1027]
519187	3660	1	[1028]
868785	3660	2	[1029, 1030]
398149	3660	1	[1034]
746785	3660	1	[1035]
768141	3660	1	[1037]
938646	3660	1	[1038]
872771	3660	1	[1039]
121702	3660	1	[1040]
649290	3660	1	[1041]
275895	3660	1	[1043]
125691	3660	1	[1045]
373265	3660	1	[1046]
268502	3660	1	[1051]
996713	3660	1	[1052]
812061	3660	1	[1053]
711183	3660	2	[1058, 115]
561967	3660	2	[1059, 298]
801481	3660	1	[1065]
14516	3660	1	[1066]
282611	3660	1	[1070]
37834	3660	1	[1071]
139144	3660	1	[1075]
202157	3660	2	[1079, 230]
924591	3660	1	[1080]
524113	3660	1	[1081]
672455	3660	1	[1084]
707484	3660	1	[1085]
540271	7038	1	[5]
82074	7038	1	[6]
90144	7038	1	[7]
575235	7038	1	[8]
624203	7038	1	[9]
260954	7038	1	[12]
907236	7038	1	[14]
567201	7038	1	[16]
218979	7038	1	[17]
265130	7038	1	[18]
313945	7038	1	[20]
341560	7038	1	[21]
263367	7038	1	[22]
287138	7038	1	[23]
486214	7038	1	[24]
484610	7038	4	[25, 5, 37, 16]
123326	7038	1	[30]
73149	7038	1	[31]
302257	7038	1	[43]
494127	7038	1	[44]
853015	7038	1	[45]
81048	7038	1	[47]
880518	7038	1	[48]
8400	7038	1	[49]
60342	7038	1	[50]
527612	7038	1	[51]
906068	7038	1	[52]
622106	7038	1	[53]
396567	7038	1	[54]
882684	7038	1	[56]
115816	7038	1	[58]
35386	7038	1	[59]
327063	7038	1	[62]
967745	7038	1	[63]
429087	7038	1	[64]
496410	7038	1	[65]
433995	7038	1	[69]
481968	7038	1	[71]
221946	7038	1	[74]
927462	7038	1	[75]
998859	7038	1	[76]
339383	7038	1	[77]
619068	7038	1	[79]
481438	7038	1	[80]
744097	7038	1	[81]
844884	7038	1	[85]
399250	7038	1	[86]
432991	7038	1	[88]
605648	7038	1	[89]
452948	7038	1	[90]
311372	7038	1	[97]
209747	7038	1	[98]
667526	7038	1	[99]
792056	7038	1	[100]
94947	7038	2	[101, 58]
782771	7038	1	[102]
855304	7038	1	[104]
420841	7038	1	[105]
561486	7038	1	[107]
350417	7038	1	[108]
23683	7038	1	[111]
220657	7038	1	[113]
44075	7038	1	[116]
978390	7038	1	[118]
108158	7038	1	[120]
829415	7038	1	[121]
47206	7038	1	[122]
549537	7038	1	[123]
518924	7038	1	[126]
362926	7038	1	[127]
926839	7038	1	[128]
245025	7038	1	[132]
785557	7038	1	[134]
134195	7038	1	[139]
157379	7038	1	[142]
339297	7038	1	[143]
200838	7038	1	[147]
75715	7038	1	[148]
771729	7038	1	[151]
122383	7038	1	[153]
426576	7038	3	[154, 26, 86]
748224	7038	1	[157]
319501	7038	1	[161]
156432	7038	1	[164]
690274	7038	1	[165]
979049	7038	1	[166]
3592	7038	1	[168]
844268	7038	1	[174]
641891	7038	1	[178]
430297	7038	1	[180]
493656	7038	1	[183]
793860	7038	1	[184]
382372	7038	1	[185]
212031	7038	1	[188]
417543	7038	1	[189]
466425	7038	1	[190]
425173	7038	1	[191]
441174	7038	1	[193]
929283	7038	1	[196]
24936	7038	1	[199]
106408	7038	1	[200]
935287	7038	1	[201]
887492	7455	1	[2]
553108	7455	1	[8]
271937	7455	1	[12]
20717	7455	1	[13]
376577	7455	1	[15]
178780	7455	1	[16]
58052	7455	1	[18]
352926	7455	1	[19]
756337	7455	1	[23]
512322	7455	1	[25]
771196	7455	2	[29, 21]
927325	7455	1	[31]
65073	7455	1	[32]
531806	7455	1	[36]
619429	7455	1	[42]
330206	7455	1	[44]
427372	7455	1	[46]
641793	7455	1	[47]
404077	7455	1	[49]
723087	7455	1	[53]
602797	7455	1	[55]
41902	7455	1	[56]
510714	7455	1	[67]
924210	7455	1	[70]
536793	7455	1	[72]
288737	7455	1	[74]
426538	7455	1	[75]
415503	7455	1	[78]
960723	7455	1	[83]
999364	7455	1	[85]
439734	7455	1	[86]
72413	7455	1	[87]
641668	7455	1	[88]
664463	7455	1	[89]
154927	7455	1	[90]
586313	7455	1	[91]
944348	7455	1	[92]
596525	7455	1	[97]
466230	7455	1	[102]
554923	7455	1	[105]
338898	7455	1	[107]
125962	7455	1	[112]
740998	7455	1	[114]
668115	7455	1	[115]
876334	7455	1	[117]
278030	7455	1	[118]
800172	7455	1	[119]
895331	7455	1	[120]
181702	7455	1	[121]
696932	7455	1	[122]
244040	7455	1	[123]
374104	7455	1	[126]
969247	7455	1	[130]
943787	7455	1	[133]
868784	7455	1	[136]
700299	7455	1	[139]
24942	7455	1	[143]
360547	7455	1	[145]
113887	7455	1	[147]
425276	7455	1	[148]
57371	7455	1	[152]
253202	7455	1	[154]
630322	7455	1	[155]
130122	7455	1	[160]
394050	7455	1	[162]
983710	7455	1	[164]
460342	7455	1	[167]
24542	7455	1	[173]
40125	7455	1	[176]
356660	7455	1	[178]
9785	7455	1	[183]
759925	7455	1	[187]
434393	7455	1	[188]
254154	7455	1	[189]
55320	7455	1	[190]
51224	7455	1	[191]
996434	7455	1	[195]
898732	7455	1	[200]
173250	7455	1	[206]
502574	7455	1	[210]
868447	7455	1	[214]
168970	7455	1	[217]
45517	7455	1	[220]
339969	7455	1	[221]
447142	7455	1	[224]
785717	7455	1	[225]
381999	7455	1	[226]
330076	7455	1	[227]
451775	7455	1	[229]
837353	7455	1	[231]
974078	7455	1	[234]
819213	7455	1	[236]
111698	7455	1	[240]
959422	7455	1	[243]
705933	7455	1	[244]
831445	7455	1	[247]
222087	7455	1	[248]
600075	7455	1	[250]
985555	7455	1	[252]
606952	7455	1	[255]
652054	7455	1	[258]
863374	7455	1	[260]
572232	7455	1	[261]
906873	7455	1	[267]
679026	7455	1	[273]
742839	7455	1	[275]
361254	7455	1	[278]
944432	7455	1	[279]
26422	7455	1	[280]
157676	7455	1	[289]
588775	7455	1	[291]
392179	7455	1	[296]
953365	7455	1	[297]
819481	7455	1	[299]
454465	7455	1	[303]
487180	7455	1	[304]
496325	7455	1	[305]
636536	7455	1	[306]
136626	7455	1	[307]
922145	5024	1	[22]
278427	5024	1	[24]
503937	5024	1	[25]
858776	5024	1	[29]
656964	5024	1	[38]
844031	606	1	[1]
590824	606	1	[5]
689028	606	1	[6]
16320	606	1	[11]
600623	606	1	[13]
818808	606	1	[23]
671917	606	1	[24]
23650	606	1	[27]
859367	606	1	[29]
737614	606	1	[33]
539280	606	1	[35]
102653	606	1	[44]
402450	606	1	[48]
219403	606	1	[49]
356656	606	1	[64]
316832	606	1	[65]
181511	606	1	[66]
219295	606	1	[67]
695649	606	1	[68]
621806	606	1	[70]
255999	606	1	[71]
172311	606	1	[76]
616471	606	1	[78]
484703	606	1	[79]
780043	606	1	[81]
417774	606	1	[82]
273331	606	1	[83]
9463	606	1	[84]
174753	606	1	[85]
903221	606	1	[86]
286952	606	1	[87]
944517	606	1	[88]
262580	606	1	[89]
952444	606	1	[90]
694530	606	1	[91]
491271	606	1	[92]
806942	606	1	[93]
43033	606	1	[94]
702573	606	1	[95]
992597	606	1	[97]
654145	606	1	[99]
230927	606	1	[100]
721954	606	1	[101]
67973	606	1	[102]
145091	606	1	[103]
558270	606	1	[104]
390788	606	1	[107]
953303	606	1	[108]
382945	606	1	[109]
198944	606	1	[110]
106827	606	1	[113]
804089	606	1	[114]
128117	606	1	[115]
662214	606	1	[119]
303363	606	1	[121]
189821	606	1	[122]
202538	606	1	[123]
498771	606	1	[124]
82302	606	1	[125]
343470	606	1	[126]
8414	606	1	[127]
918571	606	1	[130]
296809	606	1	[135]
675740	606	1	[136]
101311	606	1	[137]
798556	606	1	[138]
875803	606	1	[139]
485168	606	1	[142]
413645	606	1	[143]
981404	606	1	[144]
130665	606	1	[145]
873199	606	1	[146]
133595	606	1	[147]
728130	606	1	[149]
854086	606	1	[150]
28969	606	1	[151]
367615	606	1	[152]
732724	606	1	[153]
299459	606	1	[155]
13964	606	1	[156]
163621	606	1	[157]
895247	606	1	[166]
804477	606	1	[169]
754738	606	1	[170]
345863	606	1	[171]
528969	606	1	[172]
701340	606	1	[174]
889550	606	1	[175]
83214	606	1	[176]
793115	606	1	[177]
359209	606	1	[178]
457075	606	1	[181]
512906	606	1	[189]
243567	606	1	[195]
758139	606	1	[196]
255521	606	1	[197]
306667	606	1	[199]
906191	606	1	[204]
416519	606	1	[205]
618496	606	1	[208]
132573	606	1	[215]
468379	606	1	[218]
29161	606	1	[219]
11977	606	1	[222]
37010	606	1	[227]
370863	606	1	[229]
128260	606	1	[230]
650402	606	1	[232]
718400	606	1	[233]
548706	606	1	[235]
690448	606	1	[244]
213511	606	1	[246]
744805	606	1	[249]
743205	606	1	[251]
665288	606	1	[258]
337866	606	1	[264]
642565	606	1	[266]
993749	606	1	[270]
382039	606	1	[273]
894752	606	1	[277]
993495	606	1	[281]
493054	606	1	[282]
359630	606	1	[283]
711304	606	1	[284]
324919	606	1	[291]
975912	606	1	[293]
210967	606	1	[302]
774995	606	1	[304]
235481	606	1	[305]
109745	606	1	[310]
843530	606	1	[312]
923766	606	1	[313]
497681	606	1	[314]
374911	606	1	[315]
491762	606	1	[316]
632655	606	1	[317]
661404	606	1	[320]
28390	606	1	[323]
879541	606	1	[327]
945891	606	1	[330]
378293	606	1	[332]
364864	606	1	[335]
675650	606	1	[336]
266478	606	1	[337]
413279	606	1	[339]
270185	606	1	[348]
203519	3961	2	[3, 4]
694688	3961	1	[18]
866378	3961	1	[19]
847103	3961	1	[22]
58799	3961	1	[23]
397537	3961	1	[24]
132490	3961	1	[26]
121266	3961	1	[28]
20722	3961	1	[36]
66527	3961	1	[37]
122715	3961	1	[38]
295744	3961	1	[39]
704532	3961	1	[50]
447329	3961	1	[56]
979656	3961	2	[59, 60]
186796	3961	1	[61]
880033	3961	1	[62]
98854	3961	1	[66]
177879	3961	1	[68]
804419	3961	1	[69]
828599	3961	1	[71]
518479	3961	1	[75]
625837	3961	1	[78]
274406	3961	1	[79]
813754	3961	1	[81]
496584	3961	1	[82]
767686	3961	1	[88]
42581	3961	1	[89]
831688	3961	1	[90]
726523	3961	1	[96]
155288	3961	1	[97]
339324	3961	1	[99]
200413	3961	2	[105, 106]
570083	3961	1	[117]
529044	3961	1	[127]
442857	3961	1	[128]
812517	3961	1	[129]
373337	3961	1	[130]
689615	3961	1	[133]
285778	3961	1	[137]
295736	3961	1	[138]
671448	3961	1	[149]
572800	3961	1	[154]
600620	3961	1	[155]
46721	3961	1	[156]
294066	3961	2	[157, 83]
428356	3961	1	[162]
622058	3961	1	[167]
320772	3961	1	[178]
513117	3961	1	[180]
574159	3961	1	[181]
411688	3961	1	[183]
777696	3961	1	[186]
932271	3961	1	[190]
147465	3961	1	[197]
669363	3961	1	[199]
162620	3961	1	[200]
453047	3961	1	[202]
716906	3961	1	[203]
508447	3961	1	[207]
147105	3961	1	[211]
859461	3961	1	[212]
602772	3961	1	[215]
907048	3961	1	[220]
878186	3961	1	[223]
154232	3961	1	[225]
477784	3961	1	[229]
55031	4719	1	[5]
562403	4719	1	[10]
679086	4719	1	[19]
328676	4719	1	[31]
13427	4719	1	[32]
678603	4719	1	[36]
798126	4719	1	[40]
250886	4719	1	[46]
107215	4719	1	[47]
568925	4719	1	[48]
302911	4719	1	[53]
193903	4719	1	[56]
201018	4719	1	[57]
294470	4719	1	[59]
64901	4719	1	[62]
99440	4719	1	[67]
776266	4719	1	[68]
526752	4719	1	[72]
84421	4719	1	[74]
577205	4719	1	[75]
824783	4719	1	[76]
133206	4719	1	[79]
520194	4719	1	[82]
876950	4719	1	[85]
456897	4719	1	[95]
842247	4719	2	[98, 99]
676642	4719	1	[103]
463980	4719	1	[104]
715869	4719	1	[109]
241	4719	1	[111]
